1 255
1 136
1 304
1 67
1 79
1 139
1 495
1 226
1 365
1 485
1 501
1 125
1 224
1 102
1 263
1 443
1 343
1 261
1 329
1 271
1 102
1 134
1 321
1 378
1 73
1 162
1 223
1 37
1 111
1 323
1 474
1 283
1 499
1 33
1 187
1 211
1 436
1 440
1 463
1 184
1 424
1 303
1 0
1 458
1 169
1 49
1 84
1 61
1 157
4 62
4 449
4 137
4 14
4 360
4 97
4 147
4 489
4 97
4 276
4 152
4 248
4 248
4 294
4 235
101 276
101 333
101 208
101 513
101 150
101 260
101 225
101 331
101 139
101 385
101 385
101 428
101 537
101 386
101 309
101 373
101 425
101 367
101 533
101 525
101 359
101 112
101 550
101 58
101 346
101 473
101 112
101 135
101 482
101 363
101 449
101 134
101 213
101 506
101 204
101 409
101 366
101 312
101 545
101 120
101 187
101 329
20 517
20 57
20 325
20 432
20 526
20 465
20 116
20 152
20 411
20 518
20 276
20 176
20 274
20 489
20 184
20 75
20 214
20 224
20 306
20 220
20 360
20 70
20 306
20 479
20 287
20 113
20 288
20 422
20 294
20 513
20 422
20 383
20 367
62 115
62 296
62 278
62 250
62 231
62 501
62 373
62 216
62 68
62 387
62 92
62 443
62 79
62 513
62 149
62 458
62 342
62 295
62 476
62 334
62 320
62 513
62 219
62 321
62 521
62 551
62 394
62 472
62 118
62 98
62 493
62 245
62 531
62 375
62 452
62 148
62 488
62 503
62 399
62 348
62 551
62 539
62 177
62 381
62 234
62 233
62 314
62 528
62 107
62 526
62 523
62 345
62 530
62 278
99 394
99 350
99 510
99 213
99 381
99 297
99 150
99 346
99 227
99 433
99 320
99 250
99 529
99 156
99 214
99 336
99 240
99 381
99 207
99 154
99 101
99 508
99 315
99 363
99 479
99 244
99 466
99 299
99 223
112 315
112 371
112 512
112 483
112 263
112 329
112 390
112 143
112 58
112 489
112 345
112 439
112 122
112 520
112 395
112 329
112 517
112 483
112 207
112 412
112 148
112 58
112 474
112 269
112 158
112 136
112 452
112 198
112 437
112 446
112 488
112 399
112 426
132 515
132 58
132 237
132 318
132 334
132 434
132 334
132 334
132 376
132 463
132 149
132 146
132 243
132 185
132 367
132 208
132 443
132 545
132 313
132 539
132 418
132 450
132 522
132 187
132 474
132 247
132 228
132 386
139 454
139 235
139 411
139 449
139 493
139 409
139 344
139 299
139 394
139 236
139 490
139 447
139 537
139 89
139 510
139 500
139 273
139 150
139 451
139 306
139 147
139 346
139 58
139 153
139 450
139 492
139 484
139 189
139 420
141 250
141 193
141 323
141 268
141 497
141 538
141 367
141 397
141 472
141 241
141 450
141 527
141 468
141 484
141 220
141 475
141 485
141 149
141 157
141 165
141 345
141 156
141 184
141 362
141 154
141 392
141 235
141 299
141 338
141 531
141 542
141 200
141 360
141 446
141 193
298 488
298 548
298 505
298 493
298 457
298 152
298 400
298 187
298 238
298 548
298 428
298 489
298 434
298 445
298 308
298 152
298 462
298 294
298 252
298 448
298 156
298 369
298 453
298 221
298 534
298 307
298 251
298 241
298 548
298 526
298 311
298 355
149 389
149 509
149 528
149 495
149 509
149 287
149 439
149 225
149 517
153 449
153 197
153 496
153 428
153 342
153 471
153 226
153 125
153 383
153 501
153 367
153 438
153 175
153 311
153 526
153 249
153 398
153 485
153 457
153 240
153 342
153 550
153 311
153 397
153 450
153 155
153 348
156 316
156 241
156 357
156 552
156 250
156 379
156 319
156 551
156 239
156 494
156 549
156 470
156 388
156 314
156 337
156 470
156 253
156 522
156 452
156 451
156 342
156 531
156 502
156 288
156 278
156 241
156 278
156 444
156 202
156 288
156 419
156 538
156 512
156 501
156 200
156 453
156 325
156 165
156 267
167 289
167 401
167 372
167 461
167 169
167 309
167 333
167 212
167 447
167 461
167 498
167 286
167 450
167 527
167 444
167 262
167 354
167 339
167 350
167 345
167 283
167 284
167 383
167 540
167 482
167 357
167 407
167 195
167 507
167 262
167 534
167 337
167 123
18 521
18 75
18 287
18 512
18 196
18 295
18 531
18 23
18 433
18 42
18 411
18 61
18 102
18 164
18 492
18 294
18 297
18 538
18 337
18 356
18 36
18 139
18 171
18 102
18 34
18 472
18 220
18 496
18 408
18 444
18 288
18 212
18 153
18 440
18 437
18 505
18 306
18 530
18 532
18 220
18 434
18 74
18 474
18 528
18 51
18 474
193 288
193 248
193 89
193 248
193 359
193 321
193 261
193 240
193 478
193 321
193 455
193 378
193 308
193 210
193 537
193 375
193 235
193 376
215 318
215 244
215 322
215 548
215 284
215 293
215 377
215 377
215 477
215 471
215 433
215 233
220 430
220 277
220 417
220 502
220 411
220 239
220 446
220 453
220 294
220 413
220 362
220 269
220 331
220 510
220 389
220 408
220 349
220 269
220 384
220 371
220 506
220 348
220 361
220 89
220 367
220 512
220 331
227 348
227 304
227 176
227 271
227 506
227 537
227 334
227 407
227 290
227 359
227 309
227 251
227 249
227 349
227 506
227 539
227 365
251 284
251 364
251 360
251 120
251 291
251 550
251 461
251 465
251 284
251 414
251 500
251 259
251 422
251 529
251 307
251 470
251 434
251 308
251 508
251 377
251 432
251 333
251 527
251 432
251 435
261 439
261 311
261 452
261 425
261 310
261 505
261 321
261 127
261 318
261 517
261 329
261 127
261 436
261 406
261 303
261 270
261 451
261 436
261 448
261 280
261 354
261 315
261 404
261 474
261 268
261 523
270 299
270 523
270 424
270 187
270 444
270 485
270 317
271 305
271 120
271 331
271 512
271 445
271 428
271 369
271 287
271 539
271 518
271 406
271 391
271 293
271 443
271 382
271 473
271 411
271 378
271 187
271 441
271 330
284 409
284 508
284 509
284 293
284 89
284 481
284 317
284 353
284 540
284 278
284 362
284 539
284 315
284 441
284 400
284 417
284 551
284 362
284 453
284 487
284 498
284 390
284 372
284 497
284 508
289 341
289 539
289 320
289 428
289 531
289 244
289 486
289 444
289 516
289 371
289 351
291 496
291 447
291 314
291 401
291 531
291 519
291 462
291 443
291 363
291 434
291 526
291 439
291 449
291 371
291 336
291 359
291 305
291 450
291 376
297 341
297 455
297 547
297 379
297 507
297 322
297 440
297 398
297 483
297 434
297 339
297 469
297 304
297 409
322 426
322 304
322 304
322 337
322 550
322 501
322 383
322 443
322 394
322 390
322 456
322 278
322 530
322 445
322 508
322 402
322 529
322 512
322 534
322 371
322 514
322 473
322 464
322 469
322 438
322 490
339 470
339 354
339 356
339 386
339 495
339 434
339 549
351 357
351 413
351 401
351 458
351 422
351 496
351 496
351 366
351 450
351 526
351 519
351 402
351 528
351 547
351 463
351 278
351 495
351 421
351 443
351 358
351 392
351 402
351 402
351 499
351 454
373 447
373 400
373 469
373 379
373 405
373 392
373 391
373 469
385 465
385 501
385 474
385 501
385 456
385 439
385 534
385 394
385 488
388 493
388 447
388 446
388 405
388 438
388 323
388 392
388 437
396 485
278 425
278 323
278 474
278 244
278 430
278 444
278 465
278 434
278 89
278 542
278 392
278 412
278 515
415 292
415 485
415 461
415 433
417 422
417 450
417 474
417 472
428 497
428 537
428 447
428 516
428 502
428 551
428 439
428 392
428 537
428 502
428 391
428 433
446 292
446 492
446 537
446 478
446 449
450 499
450 453
450 509
450 457
450 550
450 502
450 473
450 474
450 492
450 518
450 269
450 484
489 497
489 531
489 523
489 499
489 522
489 493
489 269
489 499
494 546
515 546
515 531
515 244
515 518
515 523
515 552
515 485
533 89
548 465
548 471
548 392
548 450
548 429
548 460
548 505
548 463
12 479
12 54
12 284
12 308
12 336
12 63
12 105
12 479
12 433
12 249
12 551
12 130
12 333
12 330
12 390
12 462
12 236
12 343
12 526
12 244
12 158
12 438
12 232
12 331
12 69
12 183
12 470
12 501
12 464
12 39
12 192
12 370
12 496
12 407
12 458
12 276
12 119
12 331
12 418
12 310
12 36
12 259
111 287
111 488
111 229
111 509
111 139
111 509
111 509
111 154
111 290
111 204
111 306
111 238
111 475
111 492
111 411
111 531
111 318
111 229
111 180
111 419
111 307
111 154
111 183
111 183
111 244
111 278
111 484
111 277
111 381
111 125
111 146
111 398
111 180
111 269
111 271
111 225
26 490
26 428
26 125
26 49
26 165
26 287
26 119
26 46
26 188
26 164
26 297
26 362
26 455
26 137
26 257
26 527
26 316
26 503
26 281
26 86
26 221
26 214
26 170
26 195
26 223
26 438
26 249
26 49
26 255
26 369
26 0
26 71
26 144
26 288
26 27
26 343
26 52
26 169
26 133
26 506
26 437
26 85
26 397
26 200
26 510
26 360
238 457
238 254
238 357
238 411
238 248
238 312
238 495
238 308
238 516
238 331
238 444
238 377
238 494
238 439
238 429
238 316
238 291
238 469
238 529
40 344
40 548
40 308
40 141
40 322
40 533
40 22
40 343
40 165
40 451
40 70
40 234
40 409
40 364
40 84
40 137
40 79
40 534
40 22
40 417
40 211
40 405
40 296
40 376
40 260
40 174
40 531
40 104
40 113
40 354
40 71
40 168
40 44
40 71
40 369
40 504
40 462
40 281
40 284
40 375
445 478
445 489
445 547
77 316
474 537
88 117
88 223
88 290
88 550
88 194
88 154
88 415
88 189
88 444
88 206
88 388
88 328
88 536
88 149
88 518
88 362
88 484
88 166
88 458
88 210
88 114
88 284
88 515
88 180
88 385
88 341
88 253
88 494
88 551
88 132
88 360
88 149
88 330
88 304
88 140
88 523
88 133
88 160
88 217
88 134
104 539
104 437
104 410
104 383
104 115
104 156
104 156
104 146
104 337
104 319
104 379
104 296
104 139
104 307
104 495
104 413
104 278
104 89
104 406
104 284
104 248
104 151
104 477
104 321
104 365
104 265
104 241
119 377
119 447
119 329
119 482
119 362
119 321
119 337
119 244
119 166
119 144
119 496
119 482
119 514
119 186
119 320
119 155
119 138
119 274
119 175
119 229
119 342
119 372
119 471
119 494
119 148
119 89
119 439
119 166
119 443
119 146
119 183
119 144
119 472
119 401
128 240
128 348
128 244
128 545
128 447
128 438
128 398
128 410
128 177
128 450
128 361
128 545
128 145
138 169
138 192
138 493
138 412
138 503
138 385
138 361
138 422
138 261
138 89
138 458
138 454
138 170
138 147
138 420
138 417
138 226
138 540
138 376
138 517
138 252
138 362
138 406
138 290
138 146
138 510
138 162
138 533
138 160
138 364
138 409
517 89
517 490
517 536
517 433
517 457
517 425
517 323
517 443
517 438
517 400
517 244
171 539
171 285
171 196
171 398
171 255
171 309
171 389
171 540
171 304
171 431
171 210
171 519
171 410
171 419
171 225
171 290
171 472
171 191
171 401
171 503
171 299
171 390
171 530
171 429
171 508
171 532
171 512
213 240
213 436
213 398
213 289
213 485
213 541
213 295
213 282
213 520
213 249
213 484
213 397
213 243
213 515
213 449
213 423
213 308
213 269
213 474
213 278
213 250
213 439
213 353
213 244
213 361
213 377
213 350
213 235
213 289
213 341
213 463
213 487
224 442
224 519
224 496
224 536
224 311
224 367
224 348
224 257
224 427
224 547
224 226
224 411
224 444
224 120
224 513
224 231
224 241
224 244
224 373
224 417
224 366
224 339
224 269
224 516
224 228
224 321
224 412
224 254
224 523
224 392
224 448
242 332
242 350
242 483
242 515
242 547
242 469
242 517
242 499
242 249
242 527
242 329
242 451
242 377
443 451
443 455
443 496
443 536
443 511
443 483
443 461
245 377
247 487
247 466
247 324
247 522
247 324
247 552
247 484
247 520
247 406
247 364
247 321
247 456
247 450
247 397
247 308
247 364
247 459
247 269
247 293
247 528
247 423
254 345
254 332
254 308
254 400
254 551
254 534
254 354
254 330
254 465
254 477
254 386
254 531
254 375
254 520
254 344
254 329
254 435
254 425
254 379
254 490
254 367
254 371
254 427
254 345
254 402
254 283
254 411
257 519
257 261
257 308
257 263
295 445
295 389
295 354
295 363
295 547
295 377
295 505
295 439
295 304
295 382
295 360
295 359
295 507
295 372
295 352
295 443
295 541
295 401
295 431
295 316
295 400
296 425
296 489
296 538
296 311
296 345
296 417
296 120
296 486
296 441
296 552
296 473
296 483
296 448
296 466
296 417
296 187
296 437
296 474
296 325
296 527
296 312
296 541
296 359
296 473
296 506
296 341
296 349
318 465
318 372
318 528
318 351
318 531
318 350
318 458
318 325
318 469
318 511
318 384
318 120
318 323
318 526
318 383
318 176
318 326
318 471
318 540
318 425
318 470
318 431
318 552
318 425
318 292
318 461
318 407
321 327
321 387
321 342
321 389
321 500
321 434
321 529
321 354
321 447
321 523
321 516
330 341
330 552
330 334
330 419
330 371
330 433
330 439
330 460
330 540
330 551
330 531
330 361
330 361
341 394
341 431
341 507
341 522
341 360
341 360
341 541
341 463
341 432
341 463
341 536
341 409
341 472
341 373
341 457
341 456
341 422
341 456
341 359
341 426
341 377
344 529
344 550
344 477
344 379
344 533
344 429
344 520
344 483
344 496
344 526
344 376
344 346
344 244
344 359
363 450
363 376
363 278
363 372
363 471
363 450
363 505
363 500
363 439
363 428
363 552
363 384
363 444
363 465
363 365
363 402
363 531
363 515
363 407
363 402
363 423
363 473
363 547
381 194
381 286
381 446
381 189
381 428
381 284
381 232
381 22
381 450
381 292
381 540
381 331
381 516
381 397
381 317
381 130
381 486
381 308
381 495
381 152
381 148
381 161
381 436
381 167
381 360
381 150
381 203
381 500
381 488
381 137
381 189
381 202
381 445
381 367
381 295
381 376
381 209
381 383
381 225
387 419
387 496
387 419
387 403
387 492
387 398
387 401
387 431
387 487
168 505
168 492
168 474
168 404
410 442
410 354
410 305
410 390
410 278
410 296
410 277
410 464
410 309
410 469
410 404
410 435
410 390
410 450
410 428
410 292
410 303
410 530
410 505
410 526
410 485
410 474
410 311
412 450
412 490
412 469
412 442
412 416
412 497
412 489
412 485
413 438
413 429
413 477
413 492
413 444
422 496
422 528
422 519
422 470
422 429
422 477
422 530
422 509
422 489
422 469
422 292
422 464
422 463
422 411
422 519
422 542
422 487
422 474
422 445
422 549
482 520
482 411
482 493
482 486
482 244
482 531
466 472
485 501
485 537
485 292
496 244
496 547
496 528
496 525
513 388
513 382
513 351
513 358
513 244
513 540
513 493
513 377
513 452
513 502
527 478
527 498
527 489
527 523
527 427
527 432
527 499
527 398
527 505
527 313
529 537
536 552
15 517
15 403
15 162
15 149
15 318
15 318
15 332
15 298
15 108
15 372
15 299
15 45
15 244
15 403
15 303
15 517
15 252
15 247
29 311
29 284
29 350
29 412
29 379
29 485
29 325
29 319
29 211
29 150
29 189
29 125
29 486
29 406
29 107
226 293
226 284
226 306
226 382
226 492
226 357
226 364
226 290
226 382
226 257
226 369
226 412
226 526
226 537
226 412
226 548
226 538
226 495
226 349
226 281
226 324
226 516
226 453
226 351
226 531
226 342
38 379
38 371
38 160
38 359
38 437
38 433
48 286
48 401
48 521
48 125
48 398
48 318
48 549
48 463
48 291
48 59
48 525
48 75
48 129
48 282
48 363
48 365
48 122
48 68
48 125
48 239
48 99
48 78
48 478
48 463
48 310
48 361
48 87
48 189
48 102
48 349
48 100
48 204
48 488
48 208
48 101
48 391
48 338
48 383
48 387
48 407
48 411
48 140
48 195
48 64
48 249
48 114
48 436
48 101
56 238
56 437
56 547
56 274
56 303
71 235
71 342
71 104
71 286
71 123
71 406
71 453
71 297
71 362
71 550
71 203
71 434
71 547
71 99
71 403
71 136
71 462
71 448
71 361
71 500
71 425
71 167
71 357
71 527
71 431
71 240
71 359
71 440
71 393
114 411
114 240
114 186
114 241
114 291
114 509
114 189
114 434
114 244
114 163
114 252
114 149
114 415
114 212
114 509
114 120
114 329
114 295
114 191
114 146
114 137
114 470
234 520
234 511
234 293
234 293
234 139
234 479
234 271
234 411
234 444
234 350
234 398
234 152
234 251
234 199
234 167
234 441
234 278
234 386
234 308
234 244
234 354
234 337
234 175
234 325
234 464
234 336
234 386
234 138
234 379
234 454
135 358
135 446
135 411
135 453
135 156
135 499
135 290
135 449
135 371
135 522
135 548
135 385
135 299
135 125
135 238
135 152
135 382
135 230
135 450
135 251
135 329
135 295
135 341
135 520
135 238
382 22
382 471
382 436
382 478
382 536
382 386
382 541
382 482
382 365
382 488
382 461
382 378
382 399
382 539
382 351
382 541
382 509
382 438
382 369
382 449
382 529
382 552
382 361
382 436
152 526
152 187
152 322
152 397
152 434
152 374
152 529
152 430
152 382
152 265
152 420
152 182
152 188
152 58
152 422
152 548
152 315
152 379
152 213
152 470
152 258
152 371
152 462
152 277
152 308
152 478
152 403
152 422
155 362
155 453
155 444
155 427
155 232
155 236
155 319
155 534
155 488
155 330
155 497
155 439
155 483
155 297
155 517
155 229
155 537
155 331
155 425
155 177
155 263
155 361
155 194
155 190
155 323
166 527
166 411
166 482
166 441
166 477
166 435
166 534
166 534
166 353
166 536
184 297
184 220
184 239
184 422
184 192
184 486
184 386
184 368
184 512
184 253
184 472
184 321
184 451
184 199
184 332
184 455
184 334
184 411
184 214
184 376
184 277
184 257
184 229
184 325
184 517
184 475
184 278
184 254
184 492
189 457
189 480
189 359
189 549
189 221
189 307
189 505
189 484
189 426
189 272
189 190
189 345
189 320
189 505
189 474
189 475
189 0
189 528
189 469
189 196
189 349
189 517
189 303
189 519
189 493
189 542
189 439
189 387
189 544
206 399
206 412
206 478
206 357
206 213
206 182
206 306
206 254
206 249
206 254
206 238
206 352
206 540
206 419
206 495
206 326
206 241
206 225
206 457
209 300
209 462
209 403
209 240
209 510
209 261
209 360
209 278
209 320
209 412
209 261
209 470
209 482
209 363
209 539
209 276
209 551
209 495
209 312
209 411
209 226
209 315
209 210
209 312
209 291
209 398
209 416
209 369
209 358
209 337
218 490
218 374
218 412
218 379
398 472
398 401
398 542
398 449
398 534
398 523
398 447
398 434
398 89
398 534
398 465
241 390
241 482
241 296
241 261
241 362
241 404
241 89
241 120
241 549
241 500
241 244
241 274
241 501
241 313
241 256
241 320
241 357
241 276
241 397
241 317
241 353
241 368
241 350
241 296
241 360
241 385
250 336
250 256
250 372
250 470
250 391
250 478
250 176
250 286
250 533
250 359
250 456
250 512
250 465
250 508
250 441
250 530
250 349
250 488
250 465
250 258
250 259
250 412
250 446
250 451
250 309
250 307
252 538
252 537
252 379
252 429
252 489
252 546
252 373
252 424
252 296
252 475
252 364
252 497
252 299
252 349
252 540
252 271
252 254
252 368
252 278
252 384
252 473
252 367
252 263
252 287
252 414
252 494
252 325
252 489
255 497
255 483
255 400
255 275
255 501
255 271
255 402
255 342
255 402
255 444
255 531
255 353
255 483
255 469
258 389
258 316
258 377
258 428
258 176
258 426
258 359
258 269
260 516
260 330
260 312
260 450
260 296
260 348
260 486
260 391
260 423
260 517
268 424
268 280
268 439
268 424
268 537
268 286
268 276
268 299
268 368
268 439
268 517
268 399
268 320
268 450
268 312
268 536
268 495
268 499
268 483
268 398
268 293
268 505
268 364
282 443
282 446
282 411
282 398
282 322
282 431
282 465
282 423
282 359
282 384
282 526
282 293
282 482
282 523
282 477
282 291
282 490
282 501
282 511
309 406
309 414
309 451
309 518
309 411
309 275
309 538
309 354
309 517
309 418
309 323
309 351
309 412
309 355
309 458
331 351
331 369
331 432
331 539
331 461
331 168
331 437
331 479
331 386
331 474
331 485
331 269
331 500
331 537
331 469
331 448
331 394
352 483
352 501
352 447
352 452
356 517
356 292
356 433
356 403
356 269
356 550
356 423
356 120
356 465
356 402
356 536
356 269
356 364
356 454
356 442
364 509
364 369
364 470
364 388
364 434
364 495
364 450
364 445
120 528
120 470
120 468
120 447
120 537
120 431
394 441
394 483
394 531
394 552
394 427
394 443
394 428
394 438
394 405
394 453
394 494
409 244
409 551
409 419
409 429
409 499
409 507
409 489
454 547
454 469
454 505
454 528
454 499
454 391
454 537
458 529
458 340
458 473
458 463
458 476
458 497
458 494
458 89
458 465
458 489
458 465
461 471
461 547
461 505
461 482
461 480
461 499
461 244
461 496
461 525
478 511
478 525
478 489
478 537
483 89
483 549
483 533
483 391
483 474
483 512
483 511
483 526
488 520
488 549
488 498
488 292
488 534
488 526
490 524
490 549
490 493
490 493
490 269
490 519
490 552
530 531
2 403
2 33
2 183
2 110
2 439
2 362
2 86
2 46
2 47
2 262
2 475
2 282
2 15
2 513
2 115
2 521
2 242
2 136
2 357
2 379
2 298
2 48
2 212
2 518
2 358
2 344
2 349
2 89
2 22
2 130
2 14
2 306
2 197
2 400
2 323
2 40
2 310
2 203
2 313
2 388
2 119
2 23
2 465
2 379
2 327
2 125
2 329
2 63
2 275
2 269
2 171
2 502
2 23
2 178
2 240
2 190
2 478
2 304
2 536
2 121
2 55
2 185
2 443
2 408
2 224
2 213
2 155
3 251
3 376
3 331
3 99
3 212
3 299
3 185
3 319
3 407
3 134
3 426
3 496
3 96
3 512
3 448
3 147
3 295
3 457
3 71
3 37
3 406
3 503
3 156
3 408
3 25
3 447
3 167
3 442
3 86
3 125
3 360
3 180
3 244
3 371
5 276
5 440
5 89
5 224
5 483
5 458
5 474
5 90
5 15
5 500
5 208
5 419
5 75
5 249
5 98
5 175
5 272
5 417
5 146
5 369
5 194
5 530
5 11
5 506
5 23
5 298
5 371
5 528
5 327
5 42
5 436
5 118
5 183
5 415
5 352
5 533
5 64
5 286
5 195
5 527
5 52
5 373
5 443
5 454
5 352
5 76
5 192
5 250
5 171
5 268
5 368
5 229
5 377
5 373
5 377
5 299
5 431
5 269
5 525
5 288
5 102
51 189
51 451
51 160
51 157
51 105
51 389
51 154
51 334
51 97
51 312
51 518
51 499
51 377
51 434
51 110
51 505
51 365
51 222
51 112
51 534
51 96
57 533
57 342
57 441
57 88
57 332
57 306
57 452
57 58
57 447
57 353
57 321
57 303
57 537
57 308
57 141
57 76
57 220
57 141
57 401
57 158
57 547
57 58
57 471
57 502
57 426
57 181
57 483
57 538
57 436
57 318
57 172
57 315
57 318
68 71
68 358
68 319
68 180
68 211
68 452
68 276
68 550
68 123
68 465
68 235
68 490
68 517
68 164
68 317
68 455
68 423
68 477
68 258
68 434
68 58
68 200
68 263
68 402
68 175
68 89
68 348
76 476
76 47
76 214
76 286
76 499
76 484
76 479
76 328
76 119
76 496
76 519
76 171
76 425
76 63
76 196
76 440
76 270
76 498
76 166
76 146
76 196
76 322
76 504
76 99
76 519
76 386
76 151
76 130
76 390
76 364
76 504
76 79
76 255
76 171
76 284
76 497
76 457
76 463
76 350
76 160
76 407
76 486
76 118
76 275
76 498
76 135
79 306
79 172
79 204
79 368
79 500
79 429
79 346
79 99
79 419
79 235
79 225
79 338
79 103
79 542
79 296
79 239
79 129
79 437
79 530
79 311
79 441
79 107
79 88
79 121
79 84
79 237
79 84
79 527
79 381
79 470
79 444
79 148
79 90
79 532
79 137
79 111
79 190
79 502
79 204
79 154
79 290
79 488
87 187
87 517
87 511
87 411
87 426
87 447
87 518
87 160
87 342
87 546
87 455
87 516
87 111
87 186
87 90
87 501
87 516
91 158
91 185
93 402
93 498
93 498
93 155
93 429
93 107
93 529
93 125
93 336
93 473
93 437
93 336
93 528
93 443
93 497
93 206
93 341
93 377
93 170
93 154
93 466
93 447
93 158
93 250
93 269
93 463
93 151
93 223
93 526
93 311
121 512
121 388
121 138
121 496
121 248
121 389
121 434
121 224
121 371
121 411
121 303
121 376
121 310
121 404
121 277
121 372
121 210
121 365
121 199
121 377
121 366
122 386
122 191
122 212
122 542
122 488
122 319
122 446
122 346
122 546
122 316
122 199
122 220
122 236
122 143
122 410
122 232
122 368
122 279
122 464
122 445
122 438
122 137
122 508
122 314
122 357
122 182
122 352
122 536
122 200
122 358
122 171
122 291
122 224
122 222
122 397
123 342
123 526
123 423
123 336
123 456
123 344
123 527
123 431
123 487
123 243
123 253
123 445
123 373
123 373
123 428
123 263
123 461
123 268
123 495
123 378
123 360
123 499
123 275
123 308
123 398
137 166
137 367
137 506
137 454
137 379
137 379
137 278
137 388
137 189
137 487
137 537
137 422
137 377
137 507
137 367
137 417
137 313
137 212
137 528
137 213
137 411
137 485
137 513
137 156
137 325
137 155
137 509
137 532
137 158
137 541
137 288
137 311
348 455
348 350
348 542
348 477
348 406
348 487
348 525
145 310
145 419
145 308
145 288
145 526
145 283
145 151
145 344
145 438
145 307
145 312
145 374
145 501
145 414
145 267
145 191
145 422
145 244
145 540
145 351
145 490
145 255
145 435
180 296
180 58
180 489
180 348
180 388
180 296
180 461
180 319
180 432
180 503
180 246
180 261
180 521
180 338
180 503
180 205
180 292
180 243
180 336
180 439
180 539
180 499
180 344
180 250
180 373
180 419
181 550
181 125
181 61
181 401
181 226
181 61
181 442
181 288
181 115
181 287
181 165
181 254
181 434
181 501
181 383
181 205
181 197
181 517
181 61
181 334
181 318
181 321
181 141
181 379
181 68
181 240
181 94
181 399
186 271
186 362
186 252
186 479
186 460
186 242
186 475
186 419
186 523
186 204
186 549
186 350
186 316
186 537
186 429
186 375
186 212
186 356
186 433
186 399
186 326
186 454
186 256
186 402
186 433
186 364
186 457
186 410
186 405
186 287
196 231
196 363
196 397
196 414
196 214
196 531
196 235
196 427
196 206
196 472
196 125
196 493
196 168
196 337
196 356
199 530
199 243
199 476
199 226
199 518
199 205
199 541
199 342
199 469
199 217
199 123
199 404
199 545
199 541
199 513
199 212
199 526
199 493
199 341
199 360
199 361
199 428
199 239
199 330
199 322
199 401
199 466
199 299
199 468
199 330
199 363
199 471
199 374
199 327
199 461
199 489
199 497
199 363
199 204
204 419
204 405
204 225
204 505
204 340
204 433
204 450
204 442
204 445
204 176
204 238
204 523
204 250
204 338
204 470
204 456
204 240
204 322
204 488
493 523
493 552
493 526
493 474
493 541
231 286
231 280
231 423
231 419
231 476
231 236
231 479
231 47
231 489
231 517
231 374
231 439
231 466
231 299
231 303
231 476
231 352
231 360
231 338
231 389
231 296
231 438
231 286
231 519
231 239
231 438
231 446
231 388
231 534
288 360
288 318
288 542
288 450
288 371
288 345
288 515
288 456
288 549
288 386
288 412
288 377
288 369
288 502
288 542
288 500
288 362
288 451
288 363
288 436
288 457
288 397
288 451
288 383
288 182
288 516
288 331
327 353
327 358
327 496
327 439
327 361
327 378
327 438
327 437
327 354
327 522
327 362
327 537
332 350
332 373
332 550
332 472
332 500
332 496
332 335
332 434
332 359
332 345
332 385
332 401
332 411
332 405
332 486
332 472
332 388
332 388
332 516
332 550
332 403
333 351
333 341
333 390
333 431
333 512
333 342
333 353
333 534
342 422
342 22
342 497
342 348
342 364
342 313
342 430
342 470
342 431
342 464
342 483
342 397
342 539
342 433
342 493
342 508
345 519
345 489
345 477
345 472
345 439
345 497
354 549
354 387
354 470
354 494
354 465
354 483
354 507
354 478
354 490
354 477
354 474
354 525
354 391
354 500
354 551
354 365
354 392
354 392
354 364
354 487
360 403
360 448
360 539
360 444
360 450
360 426
360 536
360 426
360 478
360 502
360 479
360 547
360 390
360 362
418 493
418 487
418 278
418 440
418 345
418 321
418 552
418 323
418 387
418 341
418 357
418 331
418 508
418 47
418 368
418 349
418 371
418 385
418 507
418 465
427 492
427 469
427 496
427 451
427 244
427 472
427 285
427 522
427 478
427 441
448 547
448 391
448 455
448 502
448 452
448 552
448 465
448 480
448 464
448 541
448 462
451 482
451 269
451 479
451 483
479 244
479 493
479 522
269 474
269 551
269 292
523 550
523 474
8 538
8 538
8 235
8 342
8 236
8 232
8 505
8 202
8 482
8 130
8 96
8 410
8 422
8 51
8 507
8 57
8 135
8 16
8 28
8 213
8 418
8 26
8 447
8 492
8 73
8 177
8 324
8 469
8 413
8 537
8 48
8 61
8 353
8 298
11 108
11 18
11 353
11 69
11 134
11 29
11 123
11 331
11 113
11 331
11 294
11 97
11 13
11 501
11 449
11 282
11 291
11 526
11 399
11 552
11 344
11 363
11 23
11 322
11 451
11 306
11 426
11 104
11 428
11 199
11 528
11 204
11 288
11 121
11 506
11 59
11 78
11 406
11 325
11 278
11 12
11 550
11 185
11 332
11 15
11 199
37 282
37 525
37 465
37 453
37 79
37 112
37 154
37 341
37 398
37 374
37 367
37 180
37 226
37 295
37 399
37 533
37 55
37 180
37 334
37 275
37 170
37 176
37 147
37 193
37 519
37 222
37 205
37 480
37 345
37 64
37 271
37 527
37 53
37 400
37 199
37 262
37 552
37 528
37 336
37 413
37 309
37 401
50 359
349 528
349 385
349 351
349 451
349 89
349 89
349 443
349 463
349 406
349 473
349 505
349 404
349 551
349 527
349 313
349 501
59 100
59 402
59 63
59 448
59 399
59 487
59 125
59 326
59 550
59 454
59 197
59 288
59 143
59 111
59 337
59 253
59 473
59 428
59 341
59 71
59 365
59 437
59 487
59 263
59 296
59 222
59 454
59 277
59 376
59 342
59 429
59 292
59 350
75 478
75 536
75 321
75 167
75 464
75 225
75 165
75 170
75 205
75 483
75 322
75 418
75 483
75 488
75 137
75 225
75 137
75 457
75 251
75 195
75 372
75 307
78 375
78 350
78 398
78 332
78 236
78 167
78 502
78 312
78 392
78 293
78 425
78 275
78 244
78 429
78 247
78 426
86 265
86 413
86 378
86 247
86 263
86 290
86 540
86 110
86 296
86 493
86 295
86 394
86 507
86 233
86 200
86 295
86 448
86 444
86 548
86 319
86 469
86 403
86 254
86 409
86 134
86 367
86 515
86 522
86 180
86 485
92 290
92 492
92 371
92 145
92 398
92 337
92 502
92 112
92 379
92 101
106 512
106 366
106 488
106 135
106 187
106 482
106 252
106 167
106 452
106 390
108 383
108 545
108 490
108 174
108 225
108 518
108 286
108 400
108 336
108 428
108 348
108 322
108 156
108 154
108 520
108 439
108 135
108 518
108 548
108 368
108 331
108 473
108 246
108 530
108 325
108 227
108 470
108 212
108 432
108 211
108 214
108 427
108 224
108 381
108 190
108 152
108 320
108 337
108 342
108 329
108 517
108 58
108 546
108 207
108 284
108 390
124 134
124 377
362 473
362 541
362 391
362 443
362 409
362 432
362 399
362 433
362 538
362 402
362 372
362 449
362 548
362 478
362 394
362 473
366 443
366 455
366 275
366 464
366 537
366 464
366 368
366 434
366 446
366 472
366 244
144 407
144 458
144 488
144 458
144 429
144 450
144 383
144 182
144 277
144 338
144 447
144 236
147 160
147 538
147 292
147 464
147 267
147 419
147 351
147 496
147 282
147 418
147 244
147 170
147 451
147 233
147 152
147 315
147 350
147 378
147 182
151 490
151 213
151 193
151 506
151 487
151 485
151 388
151 434
151 153
151 154
151 372
151 319
151 249
151 402
151 269
151 489
151 240
151 376
151 283
151 539
165 254
165 235
165 258
165 213
165 189
165 452
165 125
165 292
165 465
165 282
165 233
165 281
165 527
165 299
165 462
165 325
165 387
165 496
165 205
165 516
165 171
165 342
165 506
165 371
165 361
165 297
165 271
165 495
165 226
165 185
217 522
217 278
217 268
217 276
217 311
217 531
217 379
217 469
217 329
217 253
217 517
217 489
217 228
217 552
217 228
217 228
217 477
217 509
273 312
273 490
273 496
279 334
279 187
279 490
279 470
279 120
279 375
279 469
279 294
279 428
279 386
279 505
279 331
279 286
279 516
279 391
279 469
279 522
279 549
279 290
301 402
301 89
301 334
301 418
301 418
510 353
510 521
510 338
510 464
510 292
510 539
510 427
510 435
510 368
510 431
510 521
510 407
510 517
510 323
510 509
510 419
510 412
510 443
510 460
510 441
510 436
510 428
510 470
510 332
510 355
510 338
510 469
510 333
510 550
303 479
303 353
303 384
303 429
303 446
303 388
303 435
303 521
303 431
303 375
303 316
303 327
303 473
303 376
303 378
303 337
216 449
216 372
216 527
216 381
216 132
216 488
317 325
317 346
317 536
317 364
317 438
317 429
317 176
317 292
317 322
317 492
317 450
317 275
317 319
317 419
317 412
317 453
317 515
317 449
317 387
317 525
317 440
317 351
317 398
338 450
338 354
338 407
338 443
338 531
338 374
338 364
338 362
338 527
338 469
338 531
338 176
338 512
338 385
338 374
338 469
338 432
338 269
338 386
338 434
338 478
338 540
346 436
346 323
346 440
346 474
346 377
346 461
346 397
346 391
346 528
346 348
346 458
346 379
346 529
346 353
346 521
346 509
346 371
346 515
346 483
346 405
346 404
346 362
346 493
346 538
346 455
512 541
512 522
512 89
512 518
512 340
361 377
361 407
361 269
361 404
361 528
361 471
361 391
361 497
361 386
361 367
361 488
361 496
361 431
361 22
361 405
361 495
361 386
361 438
361 540
361 489
365 244
365 444
365 516
365 490
365 552
365 428
365 527
365 120
365 527
365 474
365 415
365 419
365 278
365 460
365 470
365 541
365 406
365 269
365 371
365 527
383 470
383 465
383 512
383 176
383 537
386 269
386 473
386 529
386 406
386 457
386 527
386 464
386 456
386 400
386 176
386 434
386 552
540 473
540 292
540 391
540 549
540 480
540 539
540 493
540 474
540 477
419 486
419 458
419 552
419 269
419 440
419 391
419 472
419 495
419 528
419 492
424 538
424 458
424 547
424 430
438 497
438 477
438 529
438 505
438 411
438 539
438 470
438 472
438 471
438 469
438 478
438 492
438 504
464 505
464 530
464 529
464 516
464 550
464 505
498 502
498 552
498 89
501 512
501 507
501 505
501 502
526 530
526 551
535 457
535 537
535 175
535 112
535 457
535 418
535 96
535 112
535 197
535 517
539 551
539 89
17 473
17 451
17 381
17 62
17 419
17 549
17 93
17 39
17 202
17 138
17 506
17 116
17 168
17 419
17 103
17 309
17 501
17 112
17 19
17 296
17 305
17 257
17 311
17 540
17 539
17 264
17 107
17 379
17 283
17 372
17 264
17 307
17 119
17 552
33 79
33 81
33 455
33 372
33 309
33 509
33 229
33 322
33 166
33 287
33 364
33 34
33 69
33 153
33 362
33 449
33 252
33 224
33 250
33 182
33 296
33 354
33 249
33 45
33 204
33 502
33 152
33 361
33 64
33 437
33 213
33 321
33 112
33 92
33 175
33 119
33 248
34 43
34 464
34 166
34 129
34 387
34 152
34 93
34 519
34 402
34 498
34 362
34 219
34 480
34 394
34 115
34 304
34 269
34 330
34 205
34 344
34 247
34 482
34 385
34 161
34 269
34 188
34 126
34 49
34 113
34 547
34 528
34 431
34 284
34 419
34 253
34 259
34 507
34 329
34 304
34 327
34 167
34 441
34 40
34 293
34 363
34 248
34 185
34 73
34 336
35 455
35 90
35 306
35 527
35 112
35 371
35 391
35 354
35 197
35 474
35 233
65 78
65 337
65 207
65 88
65 275
65 121
65 472
65 287
65 393
65 509
65 85
65 439
65 305
65 394
65 391
65 184
65 289
65 428
65 84
65 221
65 438
65 318
65 424
65 534
65 139
65 511
65 429
65 487
65 425
65 505
65 383
411 547
72 429
72 114
72 129
72 509
72 334
72 130
72 509
84 363
84 533
84 358
84 287
84 298
84 473
84 452
84 351
84 188
84 510
84 411
84 126
84 500
84 113
84 301
84 189
84 488
84 473
84 400
84 195
84 203
84 527
84 279
84 208
84 53
84 265
84 214
84 387
84 327
84 373
84 510
84 392
84 523
84 473
84 53
84 486
84 516
95 330
95 96
95 360
95 519
130 315
130 238
130 308
130 269
130 89
130 286
130 422
130 450
130 139
130 433
130 133
130 482
130 471
130 458
130 547
130 135
130 435
130 526
130 22
130 271
130 411
130 224
130 550
130 253
130 278
130 536
130 332
130 552
130 171
130 360
130 314
130 291
130 377
130 210
130 323
130 531
130 132
130 172
130 505
130 427
130 437
143 22
143 414
143 492
143 363
143 315
143 313
143 175
143 358
143 207
143 444
143 382
143 418
143 279
143 207
143 151
143 207
143 437
143 207
143 422
143 221
143 438
143 518
143 303
143 246
143 427
143 541
143 254
143 233
143 274
143 433
143 471
143 477
143 228
143 146
143 398
143 449
143 463
143 349
143 365
143 176
143 282
406 423
406 500
406 552
406 436
406 458
406 458
406 483
164 180
164 224
164 387
164 497
164 243
164 213
164 319
164 202
164 197
164 496
164 318
164 465
164 309
164 552
164 319
164 437
164 348
164 377
164 398
164 441
169 368
169 342
169 280
169 176
169 226
169 250
169 473
169 383
169 500
169 305
169 213
169 317
169 444
169 201
169 199
169 290
169 197
169 376
169 342
169 229
169 175
169 438
169 311
169 342
169 412
169 546
169 439
169 297
169 359
169 206
169 309
169 428
169 328
169 241
169 351
169 336
169 454
169 471
169 254
169 252
169 452
185 287
185 229
185 287
185 293
185 211
185 199
185 402
185 276
185 123
185 473
185 290
185 194
185 307
185 321
185 364
185 168
185 366
185 239
185 239
197 271
197 325
197 529
197 200
197 541
197 168
197 212
197 242
197 533
197 328
197 550
197 339
197 333
197 375
197 331
197 514
197 221
197 536
197 506
197 423
197 509
197 365
197 242
197 399
197 418
197 356
197 299
197 404
197 546
197 469
197 546
197 505
197 213
197 394
197 406
197 204
197 490
197 449
197 505
197 238
201 454
201 446
201 495
201 213
201 533
201 537
201 341
201 331
201 362
201 418
210 362
210 331
210 375
210 255
210 483
210 89
210 306
210 286
210 458
210 397
210 429
210 457
210 507
210 505
210 294
210 412
210 303
210 279
210 278
210 290
210 241
210 520
210 255
210 487
210 432
214 290
214 362
214 471
214 365
214 523
214 295
214 493
214 287
214 296
214 263
214 526
214 487
214 287
214 123
214 531
214 239
214 522
214 319
214 523
214 437
237 304
237 528
237 429
237 295
237 446
237 440
248 517
248 301
248 443
248 244
248 267
248 515
248 348
248 320
248 512
248 316
248 411
248 471
248 258
248 344
248 385
248 432
248 267
248 452
248 286
248 453
248 402
248 283
248 293
248 529
248 423
248 379
248 438
248 454
248 281
248 429
248 480
248 304
248 511
263 244
263 430
263 541
263 497
263 296
263 458
263 368
263 504
263 413
263 317
263 324
263 316
263 323
263 449
263 444
265 513
265 550
265 550
265 492
265 429
265 551
265 348
265 545
265 443
265 354
265 522
265 525
265 539
265 419
265 371
265 492
265 360
265 321
265 511
265 289
265 398
265 520
266 475
266 236
266 90
266 350
266 155
266 191
266 454
266 18
266 76
266 134
266 419
266 375
266 477
266 23
266 235
266 137
266 511
266 499
266 96
266 350
266 542
266 522
266 137
266 489
266 342
266 415
266 517
266 134
266 483
266 550
266 64
266 458
266 200
276 284
276 542
276 401
276 311
276 496
276 523
276 507
276 360
276 344
276 494
276 337
276 465
276 537
276 269
276 423
276 296
276 516
276 461
276 376
276 522
276 458
276 458
276 505
276 376
276 356
276 319
276 296
276 377
276 339
276 333
276 340
276 464
276 520
277 403
277 515
277 406
277 538
277 401
277 329
277 530
277 333
277 384
277 303
277 501
277 338
277 507
277 498
277 400
277 423
277 552
277 526
277 460
277 300
277 458
277 536
277 375
277 321
277 425
277 460
277 364
277 359
287 509
287 375
287 386
287 526
287 538
287 534
287 536
287 467
287 244
287 521
287 505
287 368
287 405
287 463
287 509
287 470
287 305
314 444
314 371
314 496
314 510
314 379
314 483
314 510
314 350
314 449
314 379
320 534
320 431
320 398
320 453
320 508
320 369
320 439
320 348
320 437
320 425
320 326
320 435
320 362
320 344
320 385
320 392
326 472
326 527
326 472
326 439
326 176
326 365
326 539
326 361
326 350
326 356
326 383
326 453
326 507
326 339
326 434
336 392
336 539
336 402
336 364
336 379
336 453
336 536
336 497
336 344
336 440
336 449
336 275
336 371
336 499
336 524
336 357
336 358
336 500
336 472
336 463
353 457
353 446
353 476
353 407
353 551
353 383
353 522
353 451
353 496
353 429
353 488
353 493
353 542
355 458
355 399
355 527
355 482
376 399
376 471
376 405
376 444
376 461
376 427
376 412
376 527
376 538
376 384
376 448
395 435
395 286
395 437
395 477
313 505
313 472
313 537
313 522
313 522
313 522
439 494
439 505
439 500
439 458
439 552
439 444
440 483
440 515
440 541
440 533
440 552
435 456
435 448
435 522
435 453
462 512
465 521
465 477
465 529
465 478
465 538
465 485
472 532
500 292
500 542
500 269
500 538
500 474
500 546
500 511
500 547
500 519
507 538
507 534
507 512
528 539
19 485
19 34
19 272
19 428
19 48
19 301
19 84
19 84
19 339
19 525
19 472
19 182
19 402
19 224
19 342
19 27
19 518
19 283
19 304
19 361
19 365
19 119
19 134
19 350
19 196
19 71
19 290
19 115
19 354
19 187
19 204
19 493
19 100
19 304
19 303
142 261
142 125
142 141
142 308
142 189
142 298
142 61
142 114
142 528
142 550
142 479
142 170
142 325
142 129
142 36
142 233
142 102
142 292
142 240
142 298
142 169
142 318
142 243
142 40
142 490
142 222
142 426
142 330
142 290
142 334
142 250
142 51
142 187
142 251
142 118
142 485
142 294
142 254
142 60
142 369
142 505
142 162
142 550
24 97
24 145
24 135
24 401
24 552
24 449
24 354
24 27
24 490
24 482
24 448
24 307
24 378
24 364
24 32
24 411
24 39
24 241
24 351
24 252
24 89
25 39
25 381
25 120
25 99
25 311
25 551
25 248
25 191
25 40
25 164
25 360
25 541
25 58
25 204
25 37
25 164
25 281
25 433
25 318
25 178
25 348
25 325
25 341
25 399
25 178
25 531
25 217
25 89
25 442
25 123
25 33
25 277
25 407
25 275
25 324
25 321
25 81
25 147
25 324
25 287
25 388
25 135
25 388
25 43
27 364
27 254
27 461
27 52
27 30
27 375
27 156
27 298
27 326
27 282
27 263
27 523
27 289
27 151
27 173
27 461
27 533
27 304
27 297
27 267
27 43
27 222
27 51
27 127
27 332
27 175
27 352
27 412
27 154
27 272
27 373
27 471
27 202
27 308
27 336
27 498
27 448
27 38
27 84
27 251
27 65
27 155
27 288
27 292
27 305
27 173
27 303
27 414
27 186
27 222
27 267
27 113
27 306
27 394
30 182
30 374
30 199
30 66
30 177
30 536
30 61
30 291
30 99
30 107
31 483
31 493
31 480
31 311
31 252
31 502
31 350
31 170
31 450
31 341
31 132
31 509
31 42
31 405
31 517
31 40
31 54
31 501
32 363
32 240
32 353
32 371
32 462
32 53
32 153
32 304
32 310
32 233
32 485
32 477
32 229
32 439
32 323
32 366
32 99
32 102
32 157
32 123
32 222
32 515
32 136
32 231
32 482
32 60
45 351
45 334
45 148
45 79
45 354
45 494
45 265
45 249
45 238
45 253
45 112
45 146
45 511
45 477
45 460
45 377
45 269
45 519
45 305
45 434
45 358
45 200
45 322
45 243
45 155
45 509
45 54
45 215
45 317
45 437
45 194
45 341
45 461
45 358
45 360
45 64
45 317
45 160
45 22
45 252
45 90
45 524
45 253
45 238
45 162
45 472
55 59
55 60
55 406
55 141
55 457
55 137
55 170
55 412
55 482
55 472
61 363
61 228
61 110
61 195
61 379
61 295
61 47
61 137
61 301
61 410
61 494
61 206
61 540
61 501
61 197
61 508
61 385
61 88
61 536
61 374
61 489
61 358
61 366
61 62
61 520
61 292
61 184
61 163
61 548
61 183
83 485
83 431
83 458
83 517
83 458
83 306
83 462
83 250
83 387
83 153
83 151
83 485
83 376
83 485
83 465
83 403
83 303
83 84
83 431
83 132
83 437
83 321
83 517
83 213
74 334
74 236
74 298
74 182
74 308
74 187
74 438
74 308
74 137
94 290
94 368
94 203
94 131
94 336
94 295
94 240
94 477
94 377
94 217
94 542
94 418
94 278
94 344
94 278
94 496
94 439
96 527
96 162
96 304
96 399
96 541
96 211
96 428
96 372
96 476
96 131
96 322
96 317
96 105
96 295
96 436
96 528
96 247
96 226
96 346
96 98
96 113
96 211
96 282
96 202
96 404
96 319
96 172
96 339
96 408
96 525
96 418
96 232
96 243
96 189
96 519
96 338
96 303
96 169
96 200
96 103
96 494
96 97
96 456
96 418
96 188
96 106
96 456
105 379
105 175
105 512
105 208
105 191
105 252
105 184
105 337
105 184
105 334
105 342
105 233
105 516
105 475
105 288
105 496
105 191
105 375
105 221
105 184
105 317
105 444
105 501
105 338
105 291
105 408
105 198
105 122
105 529
105 149
105 500
105 194
105 269
107 251
107 533
107 143
107 204
107 284
107 146
107 310
107 525
107 252
107 529
107 376
107 349
107 501
107 450
107 367
107 146
107 433
107 296
107 190
107 114
107 191
107 281
107 254
107 188
107 299
107 325
107 228
107 204
107 434
107 319
107 304
107 110
107 388
107 240
107 227
107 534
107 190
107 217
107 268
107 188
107 404
107 291
107 198
131 205
131 351
131 431
131 527
131 551
131 222
131 177
131 225
131 453
131 411
131 398
131 317
131 135
131 350
133 225
133 240
133 390
133 456
133 458
133 488
133 341
133 484
133 499
133 464
133 144
133 191
133 537
133 365
133 206
133 363
133 490
163 169
163 231
163 422
163 400
163 309
163 308
163 407
163 407
163 277
163 296
163 439
163 484
421 483
421 422
421 511
421 478
172 354
172 296
172 361
172 418
172 251
172 241
172 196
172 247
172 184
172 465
172 304
172 441
172 536
172 231
172 233
172 196
172 423
172 168
172 261
172 299
172 471
172 271
191 390
191 447
191 498
191 359
191 323
191 551
191 220
191 467
191 447
191 206
191 526
191 383
191 296
191 247
191 418
191 446
191 444
191 546
191 515
191 534
191 312
191 309
191 458
158 319
158 476
158 414
158 317
158 523
158 545
158 537
158 191
158 235
158 213
158 165
158 418
158 362
158 399
158 235
158 391
158 278
158 540
158 412
158 312
158 336
158 209
158 376
158 362
229 460
229 356
229 403
229 366
229 240
229 523
229 182
229 366
229 265
229 371
229 350
229 382
229 470
229 534
229 496
229 368
229 342
229 241
229 457
229 374
229 306
229 349
229 520
229 530
229 427
229 278
229 453
229 318
228 392
228 529
228 336
228 252
228 411
228 371
228 365
228 311
228 312
228 373
228 470
228 477
429 443
429 461
429 452
429 478
429 437
187 364
187 527
187 372
187 505
187 518
187 362
187 508
187 429
187 550
187 330
187 417
187 449
187 426
187 544
187 176
187 358
187 345
187 376
187 331
187 315
187 542
187 322
187 518
187 318
125 472
125 530
125 267
125 411
125 506
125 276
125 309
125 496
125 517
125 341
125 368
125 241
125 341
125 431
125 504
125 544
125 487
125 418
125 511
125 274
125 408
125 275
125 552
125 501
125 366
125 495
125 547
125 382
125 314
125 89
125 253
125 530
125 489
125 541
125 276
125 405
125 306
125 251
125 344
329 501
329 382
329 540
329 399
329 483
329 362
329 442
329 496
329 377
329 527
329 372
329 341
329 531
329 518
329 371
372 428
372 477
372 530
372 391
372 484
372 464
372 89
372 378
372 394
372 528
372 383
372 502
372 547
372 376
372 404
372 454
372 373
372 244
372 426
372 386
374 435
374 528
374 432
374 432
374 523
374 431
374 547
374 539
374 404
374 440
374 446
502 537
502 537
502 550
502 534
408 515
408 443
408 528
408 537
431 537
431 437
431 430
431 500
431 509
431 454
431 508
431 441
431 434
431 446
431 428
432 550
432 521
432 437
432 474
432 489
432 469
432 458
453 460
453 472
453 538
453 478
453 523
455 516
455 464
455 411
455 523
455 537
455 549
455 550
455 473
455 478
480 474
480 244
480 501
480 536
508 522
508 518
509 544
509 533
509 549
509 545
509 542
534 549
534 538
534 537
52 377
52 54
52 496
52 96
52 407
52 431
52 243
52 69
52 438
52 537
52 336
52 71
52 243
52 502
52 509
52 288
52 117
52 200
52 132
52 105
52 309
52 129
52 400
64 310
64 93
64 389
64 525
64 452
64 394
64 431
64 220
64 397
64 195
64 121
64 432
64 208
64 332
64 97
64 94
64 147
64 527
64 530
64 233
64 427
64 436
64 492
64 342
64 213
64 271
64 114
64 502
64 188
64 365
64 257
64 437
64 118
64 172
64 316
64 353
64 212
64 203
90 552
90 308
90 165
90 211
90 136
90 383
90 366
90 427
90 292
90 119
90 278
90 236
90 219
90 271
90 89
90 529
90 332
90 542
90 536
90 233
90 510
90 260
90 254
90 180
90 366
90 300
90 304
90 105
90 164
90 238
90 341
90 409
90 251
9 14
9 530
9 336
9 79
9 290
9 378
9 382
9 189
9 477
9 410
9 417
9 496
9 156
9 165
9 362
9 274
9 327
9 281
9 493
9 394
9 366
9 483
9 149
9 404
9 376
9 452
9 549
9 418
9 472
9 73
9 383
9 301
9 220
9 471
9 133
9 62
9 507
9 192
9 261
9 36
9 113
9 523
9 329
9 253
9 176
9 206
102 254
102 429
102 235
102 240
102 246
102 517
102 348
102 222
102 435
102 250
102 211
102 243
102 461
102 388
102 464
102 108
102 211
102 450
102 354
102 498
102 294
102 402
102 365
102 267
102 358
102 390
102 167
102 111
102 439
102 243
102 193
102 434
102 498
102 336
102 351
102 550
102 296
102 377
109 312
109 519
109 286
109 364
109 171
109 511
109 171
109 430
109 431
109 497
109 111
115 132
115 536
115 293
115 434
115 505
115 537
115 224
115 465
115 537
115 143
115 284
115 162
115 406
115 425
115 458
115 252
115 537
115 240
115 361
115 361
115 243
115 539
115 207
115 390
129 308
129 522
129 368
129 236
129 441
129 130
129 444
129 534
129 183
129 196
129 172
129 183
129 526
129 170
129 452
129 290
129 171
129 541
129 479
129 160
129 150
129 289
129 222
129 267
129 495
129 542
129 358
129 453
129 379
308 492
308 402
308 369
308 278
308 292
308 338
308 318
308 490
308 446
308 439
308 325
308 499
308 456
308 470
308 367
308 375
308 528
308 405
308 334
308 448
308 516
308 368
157 309
157 22
157 487
157 496
157 469
157 531
157 279
157 202
157 540
157 365
157 203
157 246
157 529
157 323
157 493
157 283
157 445
157 452
157 418
157 265
157 286
157 283
157 510
157 222
157 538
157 214
157 358
157 334
53 489
53 391
53 89
183 240
183 443
183 326
183 405
183 346
183 231
183 530
183 458
183 445
183 244
183 342
183 284
183 236
506 318
506 441
506 418
506 517
506 500
506 365
506 341
506 361
506 357
506 500
506 358
506 501
506 509
506 441
506 449
506 536
506 350
506 499
506 390
506 528
506 363
506 389
506 361
202 532
202 489
202 472
202 487
202 434
202 229
202 399
202 505
202 472
202 221
202 374
202 488
202 487
202 474
202 483
202 350
202 435
202 368
202 226
202 549
202 125
203 243
203 244
203 477
203 224
203 511
203 293
203 125
203 248
203 224
203 226
203 251
211 390
211 348
211 265
211 350
211 369
211 307
211 231
211 471
211 434
211 328
211 242
211 276
211 261
211 450
211 386
211 241
211 387
211 343
211 455
211 367
211 297
211 410
211 430
211 436
211 287
211 432
211 262
211 215
211 355
211 446
211 445
230 239
230 379
243 333
243 547
243 168
243 450
243 315
243 291
243 345
243 523
243 488
243 429
243 484
243 249
243 337
243 443
243 252
243 89
243 254
243 498
243 291
243 253
243 536
243 429
243 446
243 310
243 278
243 372
243 527
262 497
262 487
262 463
262 372
262 309
264 274
264 187
264 488
286 401
286 321
286 423
286 447
286 511
286 401
286 319
286 402
286 425
286 461
286 450
286 321
286 451
286 354
286 412
286 468
286 440
286 244
286 506
286 483
286 394
286 444
299 307
299 447
299 356
299 332
299 418
299 377
299 351
299 457
299 361
299 531
316 127
316 292
316 358
316 338
316 424
316 512
316 525
316 365
316 498
316 445
316 379
316 478
316 341
316 424
316 540
316 127
316 422
316 388
316 456
316 467
316 442
316 389
316 511
316 326
316 404
343 398
343 455
343 398
343 446
343 176
343 517
343 447
343 505
343 483
343 443
442 89
442 536
442 469
442 496
442 487
442 450
442 549
347 407
347 447
347 417
350 425
350 351
350 443
350 401
350 470
350 480
350 485
350 494
350 534
350 244
350 505
350 434
350 396
350 486
350 477
350 431
367 390
367 398
367 379
367 386
367 531
367 461
367 538
367 403
367 469
367 431
367 390
367 455
367 477
367 469
367 539
367 451
47 445
47 550
47 517
47 372
371 374
371 437
371 536
371 244
371 383
371 541
371 485
371 389
371 517
371 372
371 457
371 551
371 539
403 548
403 405
403 425
403 463
403 469
403 474
403 424
403 509
404 537
404 459
404 450
404 451
404 478
404 408
404 458
405 505
405 500
405 429
405 412
405 434
405 542
405 518
405 441
405 453
405 433
405 407
405 438
405 499
420 361
420 464
420 483
420 377
420 341
420 509
420 464
426 545
426 455
426 489
426 529
426 427
426 433
426 462
426 489
426 493
426 500
426 436
392 473
392 458
392 473
392 292
444 454
444 498
444 538
444 465
444 458
444 446
444 446
444 244
444 540
444 509
444 499
444 502
463 244
463 485
463 492
463 464
463 520
463 486
463 89
487 531
495 518
495 391
244 520
244 552
244 537
244 551
244 549
244 530
519 89
519 534
521 538
16 268
16 292
16 326
16 209
16 474
16 549
16 482
16 466
16 338
16 231
16 293
16 115
16 286
16 294
16 121
16 189
16 378
16 116
16 399
16 540
16 67
16 156
16 389
16 280
16 520
16 389
16 37
16 75
16 361
16 303
16 382
16 394
16 210
16 383
16 404
16 75
16 388
16 180
16 510
16 28
16 529
16 18
16 529
16 231
16 130
16 129
16 311
16 253
16 96
16 496
16 441
16 343
16 25
16 271
16 32
16 131
16 375
21 362
21 353
21 443
21 224
21 322
21 308
21 537
21 316
21 136
21 126
21 322
21 362
21 84
21 361
21 392
21 233
21 539
21 27
22 537
22 519
22 450
22 492
22 379
22 522
22 529
44 473
44 252
44 451
44 171
44 247
44 125
44 90
44 365
44 165
44 418
44 464
44 382
44 54
44 489
44 153
44 276
44 402
44 62
44 64
44 474
49 76
49 249
49 169
49 147
49 360
49 458
402 465
402 426
402 480
402 450
402 477
402 444
402 89
402 469
402 441
402 495
402 505
402 422
70 105
70 88
70 366
70 520
70 296
70 206
70 274
70 405
70 366
70 342
70 492
70 492
70 323
70 401
70 238
70 177
70 484
70 428
70 505
70 158
70 234
70 320
70 236
70 111
70 500
70 520
70 112
70 194
70 320
70 321
70 308
70 166
70 385
70 74
70 534
70 261
70 157
70 440
70 152
82 492
82 88
82 126
82 351
82 118
82 213
82 138
82 361
82 303
98 362
98 187
98 191
98 511
98 397
98 316
98 547
98 171
98 507
98 505
98 478
116 224
116 288
116 147
116 368
116 312
116 441
116 367
116 145
116 361
116 507
116 199
116 271
116 517
116 343
116 248
116 225
116 477
116 323
116 176
116 326
116 198
116 316
116 146
116 160
116 452
116 291
116 507
116 138
116 444
116 422
116 448
116 305
116 203
116 480
116 358
116 356
116 440
116 122
198 368
198 346
198 441
198 189
198 391
198 537
198 527
198 233
198 455
198 473
198 350
198 539
198 428
198 379
198 319
198 307
198 552
198 235
198 189
198 363
198 402
198 547
198 214
198 407
198 446
160 430
160 318
160 403
160 308
160 89
160 252
160 490
160 429
160 547
160 373
160 316
160 550
160 332
160 327
160 423
160 358
160 200
160 277
160 457
160 248
160 251
160 437
160 538
160 223
160 511
160 338
160 244
160 349
160 434
160 223
160 308
160 527
160 451
160 548
160 389
160 509
160 402
160 249
160 204
160 483
160 493
160 238
160 506
160 537
160 331
160 206
173 466
173 232
173 174
173 317
173 247
173 550
174 511
174 505
174 232
174 537
195 448
195 322
195 452
195 307
195 472
195 207
195 229
195 392
195 490
195 419
195 540
195 398
195 250
195 427
195 429
195 510
195 492
195 448
195 239
219 438
219 254
219 318
219 398
219 296
219 388
219 351
239 242
239 425
239 449
239 322
239 277
239 527
239 363
239 348
239 427
239 505
239 294
239 288
239 402
239 400
239 264
239 427
239 452
239 469
239 429
239 312
239 437
239 283
239 469
240 282
240 463
240 350
240 510
240 513
240 263
240 518
240 328
240 525
240 387
240 505
240 418
240 360
240 427
240 182
240 501
240 330
240 391
240 455
240 267
240 248
240 304
249 391
249 187
249 251
249 340
249 463
249 376
249 526
249 529
249 340
249 291
249 338
249 273
249 22
249 389
249 168
249 472
249 182
249 383
249 428
249 397
249 378
249 260
249 429
249 471
249 507
249 551
249 265
249 496
249 541
249 493
249 470
249 244
249 551
249 322
249 294
249 293
249 168
249 297
249 343
267 349
267 551
267 326
267 482
267 330
267 313
267 365
267 538
267 294
267 495
267 283
267 322
267 417
267 419
267 429
267 410
267 511
267 322
267 312
280 426
280 320
280 431
280 505
280 426
280 337
280 389
280 182
280 362
280 392
280 526
280 341
281 354
281 316
281 540
281 522
281 321
281 513
281 284
281 359
283 402
283 472
283 376
283 531
283 344
283 330
283 321
283 367
283 429
283 376
283 398
283 390
283 437
304 407
304 433
304 419
304 530
304 472
304 278
304 475
304 47
304 532
304 488
304 528
304 325
304 473
304 337
304 478
304 377
304 519
304 480
304 399
304 413
304 431
304 498
359 497
359 436
359 440
359 430
359 364
359 403
359 426
359 451
359 548
359 472
359 292
359 466
359 519
359 463
359 530
359 385
359 405
370 371
370 184
370 327
370 329
370 122
370 113
370 209
370 336
370 455
370 552
370 205
370 431
370 361
370 441
370 119
370 147
370 411
370 405
370 354
370 301
370 403
370 214
370 274
370 496
370 243
370 248
370 253
370 284
370 282
370 74
370 186
370 418
370 437
370 359
370 411
370 292
370 319
370 139
370 51
370 461
370 269
370 96
370 352
370 485
375 411
375 450
375 423
375 417
375 413
375 394
375 405
375 495
375 269
375 451
375 487
375 541
375 537
375 323
384 517
384 490
384 411
384 403
384 485
384 538
384 434
384 538
434 538
434 551
434 511
434 411
434 477
434 531
434 466
434 531
434 497
434 449
434 470
414 501
414 480
414 451
323 435
323 512
323 478
323 451
486 542
486 528
486 528
486 489
486 497
486 547
486 411
486 552
486 512
486 509
471 531
471 501
471 482
471 534
471 518
471 478
471 539
477 340
477 538
477 285
484 500
484 492
484 519
484 551
503 274
503 346
503 321
503 243
503 243
503 323
503 457
503 231
503 464
503 323
503 420
503 296
503 330
503 444
503 293
503 375
503 391
503 390
503 120
503 176
503 197
503 284
503 551
503 303
503 183
503 344
503 188
511 519
511 538
511 522
6 185
6 252
6 187
36 463
36 538
36 123
36 277
36 327
36 90
36 329
36 295
36 149
36 281
36 141
36 37
36 236
36 413
36 88
36 387
36 370
36 357
36 365
36 351
36 328
36 197
36 527
36 546
36 426
36 139
36 458
36 489
36 528
36 202
36 397
36 523
36 66
36 200
36 157
39 390
39 487
39 530
39 126
39 488
39 320
39 182
39 304
39 529
39 236
39 447
39 225
39 155
39 260
39 249
39 334
39 94
39 350
39 531
39 418
39 277
39 162
39 244
39 75
39 139
39 427
39 425
39 309
39 333
39 62
41 288
41 279
41 179
41 361
41 388
41 212
41 186
41 223
41 365
41 360
41 484
41 484
41 501
41 55
41 389
41 367
41 297
41 450
41 528
41 275
41 196
41 140
41 186
41 98
41 501
41 163
41 130
41 70
41 401
41 450
41 136
41 531
41 92
41 160
41 312
41 203
41 313
41 146
41 296
41 136
41 461
60 224
60 242
60 136
60 290
60 209
60 140
60 552
60 369
60 295
60 311
60 455
60 125
60 549
60 548
60 226
60 251
60 87
60 368
60 251
60 519
60 311
60 123
60 84
60 538
60 335
60 440
60 485
60 287
60 379
60 120
60 485
60 436
60 351
60 533
60 209
60 414
67 69
67 171
67 233
67 58
67 477
67 139
67 293
67 222
67 178
80 484
100 447
100 311
100 309
100 253
100 244
100 362
100 456
100 474
100 445
100 366
100 271
100 138
100 209
100 549
100 323
100 403
100 291
100 281
100 397
100 367
100 344
100 523
100 520
100 526
100 171
100 527
100 492
100 490
100 383
100 238
100 422
103 208
103 191
103 128
103 194
103 470
103 304
103 540
103 473
103 402
103 354
103 265
103 164
103 441
103 107
103 319
103 334
103 171
103 390
103 426
103 472
103 484
103 441
103 437
103 354
103 134
103 278
103 405
103 305
103 510
103 163
126 171
126 155
126 224
126 167
126 330
126 136
126 379
126 428
126 324
126 146
126 330
126 208
126 480
126 347
126 385
126 252
126 347
126 532
126 177
126 239
126 194
126 123
126 204
126 447
126 466
126 123
126 211
126 204
126 473
126 138
126 290
126 89
430 550
430 292
430 438
430 445
430 537
430 465
430 509
430 451
177 200
177 357
177 488
177 303
177 413
177 472
177 516
177 465
177 256
177 248
177 540
177 306
177 373
177 485
177 483
177 457
177 475
177 551
177 294
177 511
177 322
177 528
177 279
177 276
177 444
177 346
177 431
177 311
177 123
177 225
177 227
177 268
177 248
177 251
177 215
179 231
179 165
179 537
179 150
179 346
179 509
179 116
179 426
179 483
179 351
179 175
179 277
179 162
179 477
179 187
179 428
179 243
192 286
192 537
192 429
192 278
192 383
192 328
192 477
194 89
194 233
194 444
194 392
194 218
194 182
194 382
194 187
194 351
194 510
194 389
194 228
194 197
194 387
194 218
194 375
194 269
194 375
194 332
194 492
194 552
194 434
205 334
205 220
205 248
205 321
205 465
205 471
205 239
205 411
205 483
205 278
205 388
205 277
205 513
205 243
205 271
205 432
205 451
205 349
205 440
205 538
205 442
205 485
205 471
205 252
205 241
205 336
205 472
205 439
205 487
205 291
207 437
207 244
207 434
207 221
207 239
207 213
207 311
207 293
207 399
208 451
208 230
208 319
208 353
208 404
208 517
208 452
208 472
208 306
208 187
208 431
208 254
208 431
208 410
208 500
208 404
208 444
208 247
208 449
208 176
208 222
212 286
212 459
212 489
212 522
212 362
212 304
212 404
212 168
212 360
212 238
212 306
212 239
212 544
212 304
212 224
212 360
212 496
221 379
221 398
221 489
221 279
221 321
221 529
221 338
221 496
221 436
221 527
221 282
221 482
221 244
221 341
221 286
221 500
221 357
221 357
221 287
221 325
221 290
221 538
222 326
222 307
222 478
222 313
222 473
222 517
222 239
222 244
222 271
222 520
222 286
222 496
222 354
222 334
222 505
222 287
222 120
222 265
222 320
222 314
222 539
222 232
222 551
222 89
222 549
222 357
222 123
222 334
223 437
223 341
223 330
223 236
223 280
223 280
223 268
223 496
223 176
223 271
223 388
223 249
225 261
225 285
225 344
225 123
225 477
225 320
225 439
225 469
225 312
225 500
225 291
225 489
225 497
225 497
225 363
225 304
225 276
225 226
225 339
225 350
225 425
225 356
225 541
225 319
233 255
233 501
233 415
233 323
233 123
233 255
233 349
233 454
233 485
233 377
233 389
233 510
233 444
233 399
233 523
233 461
233 522
233 386
233 278
233 488
233 365
233 319
233 549
233 412
233 433
233 463
233 281
233 290
233 377
246 282
246 312
246 444
246 377
246 516
246 407
246 460
246 271
246 383
256 411
256 424
256 277
256 364
256 284
256 547
256 392
256 312
256 497
256 440
256 454
256 377
256 440
256 360
256 362
256 510
256 304
256 434
256 492
259 509
259 458
259 323
259 448
259 437
259 444
259 284
259 403
0 433
0 389
0 458
0 274
81 52
81 397
81 223
81 450
81 374
81 196
81 102
81 259
81 187
81 90
81 435
81 403
81 428
81 493
81 254
81 502
81 517
81 531
81 149
81 182
81 304
81 516
81 478
81 370
81 451
81 442
81 118
81 158
81 525
81 261
81 295
81 66
293 386
293 507
293 371
293 383
293 292
293 412
293 387
293 490
293 383
293 505
293 499
293 478
293 526
293 488
300 478
300 437
306 437
306 348
306 383
306 487
306 539
306 308
306 376
306 539
306 364
306 388
306 351
306 358
306 307
306 411
306 344
306 477
306 352
306 423
306 403
306 387
306 331
312 433
312 550
312 285
312 433
312 375
312 358
312 476
312 421
312 338
312 497
312 363
312 386
312 550
312 470
312 422
312 507
315 414
315 538
315 382
315 450
315 354
315 550
315 539
315 497
315 350
319 436
319 441
319 434
319 489
319 365
319 389
319 360
319 336
319 389
319 275
319 428
319 336
319 527
319 325
319 423
319 341
324 502
324 412
324 311
324 437
324 456
324 434
324 458
324 536
324 375
324 485
324 447
324 434
324 127
324 320
328 379
328 168
328 388
328 517
328 404
328 537
328 388
328 168
328 330
337 509
337 534
337 477
337 394
337 522
337 427
337 376
337 278
337 501
337 496
337 350
337 378
337 244
337 244
337 444
337 406
337 500
337 428
337 369
337 502
337 419
337 345
357 436
357 496
357 433
357 373
357 391
357 484
357 534
357 402
357 451
357 358
357 517
357 534
369 498
369 434
369 517
369 509
369 425
369 429
369 492
369 483
369 536
369 278
369 440
369 371
369 550
369 411
369 434
369 425
379 445
379 455
379 463
379 446
379 441
379 509
379 416
379 515
379 419
379 384
379 542
379 404
393 305
393 211
393 474
393 221
393 226
393 254
397 403
397 443
397 494
397 425
397 547
397 511
397 529
397 520
397 454
397 489
399 532
399 552
399 507
399 409
399 433
399 531
399 541
400 440
400 437
400 499
400 426
400 492
400 542
400 550
400 275
400 502
400 552
423 456
423 550
423 461
423 429
423 537
423 488
441 446
441 495
441 497
441 465
441 512
441 532
441 492
441 445
441 479
441 508
441 439
441 515
441 501
441 537
449 496
449 498
449 512
449 549
449 461
449 526
449 511
449 477
457 482
457 498
457 498
457 473
457 539
457 550
457 244
457 552
460 541
460 531
460 244
460 461
460 292
460 549
460 505
460 470
460 472
460 488
460 523
473 244
473 519
473 391
473 542
473 244
499 526
499 285
499 533
505 514
505 528
505 550
292 537
292 531
292 530
518 522
518 547
518 539
518 525
518 391
391 546
537 544
538 549
538 552
7 64
7 493
7 393
7 463
7 536
7 551
7 148
7 123
7 539
7 393
7 357
7 537
7 107
7 458
7 498
7 226
7 221
7 274
7 402
7 321
7 61
7 156
7 505
7 158
7 547
7 515
7 291
7 101
7 376
7 353
7 71
7 213
7 486
7 232
7 360
7 162
7 523
7 311
7 365
10 12
10 340
10 232
10 283
10 138
10 431
10 338
10 253
10 286
10 121
10 303
10 406
10 60
10 195
10 283
10 199
10 427
10 59
10 12
10 316
10 343
10 227
10 423
10 287
10 211
10 229
10 409
10 442
10 26
10 549
10 157
10 93
10 136
10 168
10 435
10 446
10 372
13 137
13 360
13 20
13 495
13 381
13 244
13 516
13 187
13 342
13 182
13 339
13 169
13 373
13 217
13 62
13 271
13 16
13 505
13 385
13 215
13 229
13 411
13 101
13 303
13 213
13 398
13 372
13 48
13 550
13 394
13 197
13 61
13 96
13 226
14 286
14 426
14 340
14 161
14 258
14 506
14 329
14 510
14 141
14 385
14 505
14 320
14 474
14 94
14 61
14 250
14 86
14 320
14 79
14 332
14 156
14 372
14 25
14 115
14 197
14 418
14 402
14 461
14 198
14 155
14 76
14 392
14 415
14 483
14 59
14 142
14 515
14 140
28 136
28 264
28 303
28 373
28 70
28 270
28 44
28 413
28 319
28 473
28 417
28 460
28 548
28 293
28 193
28 495
28 118
28 307
28 333
28 55
28 162
28 512
28 169
28 179
28 214
28 189
28 111
28 61
28 345
28 185
28 282
28 52
28 314
28 60
28 302
28 94
28 139
28 337
28 444
28 268
28 141
28 193
28 486
28 383
28 62
28 478
28 434
46 291
46 132
46 537
46 199
46 543
46 517
46 351
46 176
46 175
46 105
54 307
54 269
54 369
54 368
54 199
54 169
54 485
54 337
54 489
54 452
54 176
54 307
54 228
54 286
54 405
54 419
54 161
54 297
54 150
54 152
54 480
54 64
54 128
54 393
54 496
54 274
54 143
54 186
54 404
54 180
54 423
54 538
54 307
54 510
54 238
54 464
54 223
54 525
54 180
54 543
54 115
54 199
66 87
66 309
66 397
66 277
66 158
66 344
66 119
66 341
66 73
66 212
66 446
66 188
66 463
66 241
66 534
66 362
66 374
66 304
66 551
66 362
66 458
66 533
66 539
66 452
66 404
66 448
66 71
66 549
66 378
66 93
66 256
66 426
66 132
66 259
66 545
66 378
66 531
66 146
66 404
66 235
66 480
66 133
66 319
66 526
66 510
66 359
66 130
66 216
69 162
69 423
69 411
69 356
69 322
69 226
69 218
69 298
69 171
69 178
69 435
69 199
69 319
69 344
69 177
69 542
69 441
69 337
69 495
69 551
69 342
69 387
69 214
69 463
69 321
69 340
69 454
69 372
69 131
69 89
69 108
69 207
69 542
69 200
69 499
69 107
69 478
73 107
73 221
73 154
73 483
73 282
73 542
73 297
73 330
73 501
73 161
73 204
73 501
73 494
73 373
73 552
73 244
73 537
73 450
73 169
73 299
73 371
73 390
73 329
73 463
73 359
73 488
73 212
73 265
73 118
73 464
73 350
73 341
73 393
73 371
73 392
73 356
73 505
73 539
85 116
85 531
85 354
85 151
85 344
85 319
85 444
85 403
85 463
85 138
85 404
85 353
85 316
85 387
85 249
85 487
85 231
85 505
85 318
85 334
85 453
85 341
85 333
85 368
85 105
85 277
85 290
85 115
85 398
85 290
85 517
85 407
85 457
85 391
85 376
85 548
85 344
85 126
85 146
85 294
85 138
85 362
85 299
85 444
85 350
85 99
85 398
85 394
85 139
97 292
97 285
97 281
97 434
97 274
97 470
97 170
97 161
97 312
97 319
97 273
97 363
97 239
97 137
97 474
97 203
97 139
97 214
97 448
97 525
97 223
97 329
97 281
97 479
97 488
97 105
97 488
97 357
97 285
97 505
97 353
97 305
97 287
97 549
97 482
97 471
97 453
97 501
97 133
97 371
97 493
97 349
97 492
97 365
97 314
97 137
97 489
97 483
97 298
97 102
97 297
97 365
97 506
97 525
110 395
110 457
110 486
110 123
110 407
110 296
110 129
110 411
110 368
110 376
110 213
110 431
110 89
110 274
110 140
110 359
110 329
110 248
110 458
110 165
110 178
110 277
110 138
110 182
110 248
110 231
117 449
117 275
117 365
117 399
117 435
117 433
117 187
117 200
117 259
140 464
140 165
140 520
140 205
140 167
140 382
140 277
140 411
140 281
140 336
140 428
140 268
140 251
140 209
140 374
140 474
140 392
140 232
140 367
140 438
140 190
140 387
140 148
140 405
140 386
140 496
140 499
140 407
140 208
146 363
146 367
146 460
146 463
146 339
146 162
146 343
146 158
146 286
146 471
146 517
146 508
146 254
146 506
146 542
146 257
146 260
146 239
146 499
146 341
146 227
146 465
146 431
146 394
146 165
146 520
146 169
146 280
146 204
146 529
146 226
146 205
146 189
146 411
146 232
146 284
148 353
148 307
148 177
148 333
148 348
148 235
148 320
148 241
148 391
148 411
148 261
148 246
148 360
148 246
148 527
148 243
148 542
148 341
148 176
148 430
148 184
148 199
148 510
148 339
148 438
148 368
148 449
148 383
148 389
447 502
447 449
447 244
447 453
447 533
447 478
447 391
161 317
161 211
161 187
161 244
161 269
161 477
161 236
161 547
161 251
188 493
188 435
188 451
188 306
188 538
188 512
188 272
188 382
188 268
188 248
188 452
188 352
188 293
188 479
188 450
188 211
188 239
188 292
188 292
188 210
188 286
188 274
188 229
188 496
188 438
188 386
188 401
188 206
188 47
188 294
188 351
188 404
188 323
188 343
188 454
188 371
188 375
188 305
188 375
188 229
188 194
190 284
190 251
190 484
190 483
190 200
236 287
236 526
236 267
236 501
236 439
236 418
236 404
236 334
236 367
236 496
236 391
236 541
236 476
236 476
236 500
236 449
236 471
236 526
236 322
236 404
236 240
236 525
236 486
236 321
236 431
236 242
236 517
236 365
253 322
253 295
253 477
253 435
253 392
253 310
253 277
253 323
253 365
253 465
253 296
253 277
253 433
253 296
253 307
253 392
253 482
253 365
253 469
253 373
253 267
253 398
253 390
63 485
63 358
63 419
63 336
63 333
63 305
63 241
63 499
63 180
63 529
63 400
63 96
63 111
63 477
63 528
63 162
63 536
63 336
63 246
63 160
63 492
63 411
63 212
63 111
63 450
63 361
290 309
290 350
290 433
290 406
290 461
290 483
290 322
290 419
290 447
290 422
290 339
290 390
290 387
290 333
290 488
290 327
290 478
290 388
294 463
294 404
294 464
294 488
294 493
294 438
294 311
294 419
294 341
294 346
294 301
294 403
294 341
294 390
294 355
294 532
294 473
294 327
294 469
182 447
182 331
182 320
182 465
182 464
182 362
182 411
182 436
182 278
182 472
182 334
182 439
182 312
182 405
182 428
182 534
182 365
182 425
182 502
307 463
307 440
307 478
307 292
307 275
307 310
307 412
307 369
307 337
307 466
307 536
307 482
307 452
307 330
307 438
307 376
307 425
307 304
307 426
307 408
311 442
311 345
311 548
311 490
311 537
311 304
311 516
311 431
311 385
311 340
311 448
311 275
311 436
311 340
311 467
311 362
311 496
311 348
334 366
334 507
334 501
334 501
334 373
334 491
334 492
334 382
334 269
334 538
334 518
334 176
334 508
334 397
334 445
334 470
334 470
334 541
334 500
377 465
377 470
377 476
377 407
377 485
377 397
377 511
377 454
377 412
377 473
377 477
377 501
377 517
377 539
377 528
377 496
377 444
377 507
377 445
380 426
127 517
389 89
389 505
389 474
389 552
390 469
390 500
390 497
390 463
390 469
390 485
390 431
390 437
176 400
176 471
176 485
176 495
176 474
176 472
176 541
176 457
176 520
176 441
176 548
176 459
176 517
176 474
176 499
176 419
176 442
176 432
176 538
176 400
176 452
176 403
176 459
176 436
416 552
470 528
470 551
470 551
437 498
437 528
437 244
437 536
437 444
437 518
437 514
437 478
437 452
437 463
437 495
437 470
437 480
437 507
437 497
437 538
452 465
452 487
452 474
452 462
456 411
456 470
467 529
467 473
492 526
492 244
492 516
492 529
516 519
516 520
516 530
516 474
516 89
23 377
23 390
23 85
23 222
23 153
23 515
23 379
23 250
23 303
23 171
23 392
23 363
23 279
23 199
23 513
23 486
23 473
23 155
23 284
23 191
23 113
23 390
23 387
23 419
23 530
23 398
23 427
23 261
23 176
23 187
23 378
23 342
23 90
23 506
23 388
23 439
23 296
23 383
23 402
42 199
42 484
42 492
42 171
42 199
42 400
42 523
42 54
42 66
42 284
42 295
42 447
42 276
42 240
42 406
42 316
43 277
43 147
43 286
43 425
43 136
43 511
43 510
43 66
43 97
43 415
43 415
43 472
43 134
43 525
43 316
113 252
113 377
113 303
113 353
113 536
113 191
113 368
113 506
113 150
113 479
113 441
113 303
113 379
113 552
113 146
113 304
113 527
113 175
113 528
113 171
113 536
113 132
118 450
118 431
118 519
118 549
118 311
118 133
118 354
118 153
118 417
118 259
118 327
118 417
118 357
118 320
118 458
118 489
118 359
134 406
134 160
134 528
134 531
134 401
134 432
134 146
134 252
134 525
134 515
134 388
134 345
134 286
134 428
134 166
134 477
134 206
134 472
134 321
134 428
134 248
134 528
134 331
134 240
134 292
134 523
134 265
134 536
134 377
134 412
134 224
134 191
134 244
134 523
134 366
134 475
136 145
136 165
136 311
136 445
136 295
136 398
136 399
136 224
136 163
136 412
136 317
136 295
136 347
136 164
136 200
136 354
136 188
136 310
136 487
136 537
136 483
136 417
136 235
136 440
136 415
136 402
136 326
136 288
136 261
136 385
136 522
136 206
136 284
136 542
136 367
136 349
136 125
136 424
136 253
136 408
136 454
136 536
136 272
136 260
136 393
136 515
136 501
150 311
150 327
150 304
150 318
150 480
150 368
150 336
150 501
150 155
150 427
150 393
150 243
150 171
150 477
150 290
150 329
150 175
150 271
150 125
150 231
150 413
150 384
150 509
150 346
150 526
150 506
150 404
150 405
150 205
154 399
154 408
154 361
154 385
154 276
154 422
154 427
154 329
154 365
154 531
154 461
154 210
154 460
154 443
154 400
154 430
154 448
154 507
154 527
154 233
154 443
154 357
154 451
154 457
154 467
154 222
154 249
154 326
154 205
154 389
154 252
154 341
154 250
154 389
154 349
154 320
154 307
154 323
159 306
159 89
159 309
162 530
162 120
162 398
162 539
162 184
162 292
162 307
162 519
162 365
162 457
162 224
162 260
162 357
162 375
162 336
162 521
162 368
162 538
162 461
162 286
162 418
162 253
162 211
162 398
162 498
162 358
162 369
162 512
162 316
162 164
162 123
162 312
162 394
162 207
162 47
162 457
162 457
162 437
162 511
162 341
170 334
170 189
170 277
170 331
170 175
170 391
170 321
170 474
170 442
170 277
170 542
170 290
170 464
170 550
170 309
170 446
170 284
170 378
170 297
170 288
170 176
170 267
170 440
170 176
170 438
170 376
170 509
170 288
170 183
175 500
175 344
175 401
175 414
175 391
175 423
175 386
175 222
175 233
175 399
175 404
175 464
175 281
175 517
175 58
175 457
175 242
175 461
175 463
175 299
175 428
175 386
175 469
175 404
175 359
175 473
175 333
175 473
175 217
175 452
175 178
175 252
175 483
175 291
175 397
175 327
175 382
178 489
178 331
178 243
178 500
178 385
178 375
178 507
178 280
178 552
178 183
178 272
178 519
178 394
178 397
178 548
178 429
178 282
178 418
178 203
178 168
178 333
178 239
178 323
178 369
178 507
178 418
178 383
178 402
178 58
178 536
178 120
178 525
178 188
178 505
178 455
178 426
58 238
58 312
58 486
58 394
58 353
58 240
58 290
58 438
58 506
58 341
58 252
58 251
58 236
58 403
58 248
58 226
58 233
58 238
58 287
58 183
58 373
58 486
200 214
200 549
200 413
200 222
200 202
200 488
200 279
200 435
200 251
200 485
200 540
200 206
200 230
200 417
200 248
200 386
200 470
200 285
200 480
200 510
200 319
200 215
200 305
200 445
200 482
200 412
200 505
200 0
200 209
200 429
200 412
200 402
200 359
200 264
200 416
200 451
200 250
200 235
200 402
200 406
200 539
232 469
232 510
232 438
232 506
232 342
232 419
232 187
232 313
232 374
232 284
232 529
232 342
232 549
232 282
232 252
232 341
232 402
232 286
232 422
232 187
232 249
232 548
232 250
232 548
235 493
235 391
235 263
235 451
235 314
235 368
235 443
235 439
235 342
235 489
235 294
235 488
235 547
235 344
235 483
235 456
235 372
235 542
235 373
235 324
235 545
235 549
235 309
272 486
272 495
272 354
272 317
272 288
272 482
272 304
274 461
274 288
274 499
274 488
274 477
274 410
274 354
274 320
274 284
274 284
274 430
274 471
274 412
274 531
274 525
274 331
274 400
274 392
274 533
305 127
305 497
305 366
305 522
305 404
305 516
305 378
305 375
305 406
305 398
305 449
305 433
305 399
305 451
305 269
305 446
305 467
305 461
305 540
310 438
310 365
310 507
310 331
310 483
310 341
310 480
310 478
310 350
325 536
325 490
325 368
325 361
325 443
325 526
325 529
325 505
325 399
325 517
358 374
358 499
358 373
358 479
358 22
358 244
358 412
358 401
358 541
358 464
358 408
368 375
368 373
368 438
368 426
368 529
368 532
368 377
368 401
368 379
368 522
368 388
368 433
368 375
368 497
378 472
378 387
378 446
378 437
378 323
378 419
378 480
378 275
378 437
378 449
401 473
401 452
401 500
401 483
407 484
407 275
407 472
407 419
407 465
407 432
407 542
407 545
275 489
275 537
275 548
275 471
275 463
275 502
275 456
275 483
275 493
275 458
275 483
275 493
275 340
275 542
275 526
275 483
275 548
275 448
275 480
275 529
425 477
425 453
425 471
425 540
425 507
425 541
425 536
433 488
433 494
433 483
433 484
433 466
433 446
433 547
433 285
469 292
469 500
469 515
469 551
469 512
469 497
469 486
