0	0.505352380952381
1	0.5052268292682928
2	0.4943269662921348
3	0.5019160194174758
4	0.4943540918163673
5	0.49607560000000006
6	0.5005925925925926
7	0.5014007281553398
8	0.4979700000000001
9	0.4837331168831169
10	0.5120033333333333
11	0.49292435897435904
12	0.4946845070422536
13	0.4992888059701492
14	0.4933714285714285
15	0.5031363636363636
16	0.5012125000000001
17	0.49531749999999997
18	0.5017310344827586
19	0.5026543859649123
20	0.48095
21	0.4973878787878788
22	0.4857195652173913
23	0.501965
24	0.49773333333333336
25	0.4994779220779221
26	0.4950277777777778
27	0.4973530143912874
28	0.4914830601092896
29	0.4990704545454545
30	0.4942012084592145
31	0.4955360946745563
32	0.49483555555555553
33	0.49765543478260865
34	0.49523823529411765
35	0.503552
36	0.4963602564102564
37	0.4999423076923078
38	0.49501382978723396
39	0.49563571428571424
40	0.4869590909090909
41	0.4940414285714286
42	0.5047482142857144
43	0.48615217391304355
44	0.49877711323763957
45	0.48976250000000005
46	0.5071837837837837
47	0.49633120000000003
48	0.5003409090909091
49	0.5014232394366198
50	0.4909958333333333
51	0.4974548780487804
52	0.49589464285714285
53	0.49630499999999994
54	0.49412967032967026
55	0.4832166666666667
56	0.5049776315789473
57	0.50486875
58	0.4951142857142857
59	0.49038275862068964
60	0.49689890350877186
61	0.5021391304347825
62	0.5014593023255814
63	0.5069295454545454
64	0.49618684210526326
65	0.5025653846153847
66	0.4892022727272727
67	0.5083774193548387
68	0.4960057692307692
69	0.48452758620689645
70	0.4924652173913043
71	0.49248
72	0.495948275862069
73	0.5050378504672898
74	0.49648000000000003
75	0.49255750000000004
76	0.4968455696202532
77	0.4966207272727272
78	0.5053972972972973
79	0.4988622171945702
80	0.4849136363636364
81	0.5041948717948718
82	0.4991540540540541
83	0.503289393939394
84	0.5054324324324323
85	0.49482166666666666
86	0.49335656565656566
87	0.49217931034482754
88	0.4948851851851852
89	0.5050045454545454
90	0.48548863636363637
91	0.49432169811320753
92	0.498740909090909
93	0.49942727272727266
94	0.5041920454545454
95	0.503654
96	0.49389548872180444
97	0.49897978723404257
98	0.500738
99	0.5066035211267607
100	0.49680033259423506
101	0.4987877777777778
102	0.494223
103	0.5050155660377358
104	0.496864423076923
105	0.5012544776119404
106	0.5119242424242424
107	0.5052346153846153
108	0.4908593137254902
109	0.5016614285714285
110	0.5007318181818181
111	0.4855234375
112	0.49751089743589744
113	0.5062134615384616
114	0.48921691176470583
115	0.4996851851851851
116	0.5021804347826088
117	0.4973260869565218
118	0.48411363636363636
119	0.5106459999999999
120	0.5037978260869566
121	0.5041477272727274
122	0.4991846153846154
123	0.4961435714285714
124	0.4992173913043478
125	0.49919523809523814
126	0.5013980769230769
127	0.5109403846153846
128	0.4991798076923077
129	0.5002557692307693
130	0.49610328719723185
131	0.5007924050632911
132	0.49741904761904754
133	0.498944
134	0.500318085106383
135	0.5047717391304348
136	0.49167978723404265
137	0.49936603773584903
138	0.49774032258064516
139	0.4962641509433962
140	0.4970482871125612
141	0.49834363636363627
142	0.4949040540540541
143	0.48737289719626165
144	0.49749791666666665
145	0.5024514285714285
146	0.5028356382978724
147	0.5044195121951219
148	0.5008690476190476
149	0.48912954545454546
150	0.49875377358490564
151	0.49860853658536586
152	0.5006244318181818
153	0.49640000000000006
154	0.4979434065934066
155	0.49679572368421043
156	0.4933041666666667
157	0.5019391304347827
158	0.4951196428571429
159	0.48686750000000006
160	0.49817045454545456
161	0.4949238095238095
162	0.5032462962962962
163	0.5161875
164	0.5005389751552796
165	0.4982130136986302
166	0.49909038461538463
167	0.48425689655172416
168	0.4950445652173913
169	0.48482500000000006
170	0.495594049247606
171	0.5018337748344371
172	0.49479008498583577
173	0.5002488505747127
174	0.4958286231884058
175	0.48998749999999996
176	0.4995428571428571
177	0.5014835616438356
178	0.49679615384615394
179	0.49845873015873016
180	0.49131111111111103
181	0.4944363636363637
182	0.5031666666666667
183	0.5001089552238807
184	0.5000833333333333
185	0.522004761904762
186	0.4870954545454546
187	0.49913333333333326
188	0.49033750000000004
189	0.4995303212851406
190	0.493895945945946
191	0.4911014705882354
192	0.5025241935483871
193	0.5019771428571429
194	0.499974
195	0.4840640625
196	0.49972131147540977
197	0.5092768292682927
198	0.49944249999999996
199	0.5014646341463415
200	0.50608875
201	0.4982886363636364
202	0.49714102564102564
203	0.496125
204	0.49346181818181817
205	0.482525
206	0.4963863636363636
207	0.4981480620155039
208	0.49317435897435896
209	0.48738666666666675
210	0.49362752293577983
211	0.49472931034482764
212	0.49702499999999994
213	0.48418
214	0.49723448275862064
215	0.49727375
216	0.5167880952380953
217	0.4897926470588234
218	0.4988249999999999
219	0.503509090909091
220	0.49474418604651155
221	0.494965
222	0.488307
223	0.4973733333333333
224	0.4922717391304348
225	0.5069904761904761
226	0.485347619047619
227	0.4831521739130435
228	0.501769696969697
229	0.4962214285714286
230	0.48971948051948055
231	0.5013424999999999
232	0.4976407692307692
233	0.503081914893617
234	0.5093796296296297
235	0.514496875
236	0.49141379310344824
237	0.5086299999999999
238	0.508345652173913
239	0.5009521028037384
240	0.4958175000000001
241	0.5012436046511628
242	0.48768500000000004
243	0.5014431818181818
244	0.4958245762711864
245	0.5013820078226858
246	0.493359756097561
247	0.49853250000000005
248	0.5060766666666667
249	0.497660472972973
250	0.5083387500000001
251	0.4943472222222222
252	0.4929478571428572
253	0.49551068965517236
254	0.49831957087126144
255	0.501323546511628
256	0.5057045454545455
257	0.4891722222222221
258	0.4881601910828025
259	0.5094840909090909
260	0.49610146198830407
261	0.501624193548387
262	0.4957164705882353
263	0.48998174603174605
264	0.493979054054054
265	0.49790416666666665
266	0.5002071428571429
267	0.51855
268	0.4971696428571429
269	0.4920256756756757
270	0.4924271428571429
271	0.49611380471380473
272	0.4968700078616352
273	0.5014688524590165
274	0.5062062500000001
275	0.49798500000000007
276	0.4980491666666667
277	0.5038076086956521
278	0.49685961538461537
279	0.49210399999999993
280	0.4853854166666667
281	0.4972782398452611
282	0.49561428571428573
283	0.5002363636363637
284	0.49867676211453743
285	0.5077396551724138
286	0.4921101694915255
287	0.5044471830985915
288	0.5027313852813853
289	0.49810145348837204
290	0.49465113636363633
291	0.49315
292	0.49977995867768593
293	0.49167608695652176
294	0.5001990196078432
295	0.48875
296	0.4963099999999999
297	0.4906170454545454
298	0.4980931835205992
299	0.5021423469387755
300	0.4830234375
301	0.49472403846153845
302	0.49250727272727274
303	0.4935109813084112
304	0.4971947782546496
305	0.5017878378378379
306	0.5067401898734177
307	0.5003463414634146
308	0.5029731707317073
309	0.49061034482758614
310	0.49487500000000006
311	0.4903676470588236
312	0.49372199999999994
313	0.49679782608695655
314	0.5070983870967742
315	0.491957974137931
316	0.49006285714285713
317	0.49365675675675674
318	0.5005428571428571
319	0.5008485915492958
320	0.5069467391304348
321	0.48881833333333335
322	0.4960475409836065
323	0.5055093749999999
324	0.5066975000000001
325	0.48965270270270267
326	0.49267327586206894
327	0.5202795454545455
328	0.5017238636363636
329	0.5071369565217391
330	0.49593960674157295
331	0.4923515625
332	0.5022166666666666
333	0.49241406249999997
334	0.491914
335	0.5003674285714286
336	0.4914015625
337	0.500862
338	0.4932700000000001
339	0.4973119402985074
340	0.49087380952380955
341	0.49217580645161285
342	0.5034965517241379
343	0.5027874999999999
344	0.49599310344827585
345	0.49411842105263165
346	0.49133979591836724
347	0.5007046511627907
348	0.4972557522123894
349	0.499605
350	0.5001608974358974
351	0.5076291262135921
352	0.5067714285714285
353	0.49108062500000005
354	0.4986302325581395
355	0.49865952380952383
356	0.4984285714285714
357	0.49694999999999995
358	0.487256
359	0.49674467213114754
360	0.5049883333333333
361	0.49504189189189185
362	0.49736874999999997
363	0.5115149999999999
364	0.5106267857142858
365	0.49761666666666665
366	0.4977563829787234
367	0.5050141666666667
368	0.520586
369	0.506271794871795
370	0.4915407407407407
371	0.4995205357142858
372	0.4939451388888889
373	0.4916038461538461
374	0.5042024390243902
375	0.4974372191011236
376	0.4954803571428571
377	0.4986549603174603
378	0.49849014084507043
379	0.5051166666666667
380	0.5171833333333333
381	0.5026642857142858
382	0.490633695652174
383	0.5008779661016949
384	0.4991690476190477
385	0.5022838235294119
386	0.49029000000000006
387	0.5022070175438597
388	0.5071288461538461
389	0.49405
390	0.5191076923076924
391	0.4989481250000001
392	0.4980195945945946
393	0.4948761904761904
394	0.4960182926829267
395	0.48267499999999997
396	0.49627083333333327
397	0.4900358024691358
398	0.4952472222222222
399	0.4965145161290323
400	0.5011193430656934
401	0.482395
402	0.49641831395348834
403	0.5093418918918919
404	0.5014117647058824
405	0.4872058823529411
406	0.49653108108108107
407	0.4978956521739131
408	0.5065645161290323
409	0.4935089285714286
410	0.4880815789473684
411	0.49178088235294115
412	0.4919551282051282
413	0.49488396226415104
414	0.48302291666666664
415	0.49809700854700856
416	0.5033899999999999
417	0.5111145161290322
418	0.4974697368421052
419	0.5035161764705883
420	0.49675694444444446
421	0.4944347727272727
422	0.49230288461538463
423	0.5003038461538462
424	0.49701698113207554
425	0.5042523809523809
426	0.49701954022988504
427	0.50595
428	0.4925845588235293
429	0.49457216981132074
430	0.4932558823529412
431	0.493830303030303
432	0.5007119047619047
433	0.49131538461538465
434	0.4994085858585859
435	0.5178854838709677
436	0.5086684210526315
437	0.5058978260869564
438	0.49749139784946234
439	0.49518749999999995
440	0.49509428571428565
441	0.49750391705069114
442	0.5126228571428572
443	0.5120475
444	0.5085375
445	0.49559761904761906
446	0.5015790322580645
447	0.4883966666666666
448	0.5079235632183908
449	0.5009142857142856
450	0.49749374999999996
451	0.4958317307692308
452	0.495471694214876
453	0.4889307692307693
454	0.4876571428571429
455	0.4997375
456	0.49808571428571424
457	0.5057685185185186
458	0.4897725490196078
459	0.4926511627906977
460	0.5073916666666667
461	0.4985574468085106
462	0.4964120689655172
463	0.49507666666666666
464	0.49757543103448276
465	0.5015509900990099
466	0.5011654556650246
467	0.49925460526315785
468	0.4921404761904761
469	0.4855300000000001
470	0.49998101851851856
471	0.49614435483870956
472	0.5029037878787879
473	0.4975267067410906
474	0.5006136594663279
475	0.5055318181818182
476	0.4993234042553191
477	0.4951933823529412
478	0.4986952380952381
479	0.4929268518518518
480	0.4933313235294118
481	0.4925918918918919
482	0.498756546275395
483	0.5076371428571428
484	0.4973689431704886
485	0.5001068421052632
486	0.506317857142857
487	0.49953268156424585
488	0.4832928571428572
489	0.4965902027027027
490	0.49401603773584907
491	0.5018985294117646
492	0.49428986486486487
493	0.4960471659919028
494	0.493496511627907
495	0.4998860248447205
496	0.48019999999999996
497	0.503260632183908
498	0.47026754385964914
499	0.4981269230769231
500	0.500854347826087
501	0.4984978174603175
502	0.5034952380952381
503	0.4849380952380952
504	0.48987419354838707
505	0.4984818181818182
506	0.48716566265060235
507	0.49489166666666673
508	0.4876863636363636
509	0.49725500000000006
510	0.5009821428571429
511	0.506845
512	0.4754549999999999
513	0.51359
514	0.49965972222222227
515	0.48651315789473687
516	0.4974548387096774
517	0.4911989130434783
518	0.49395000000000006
519	0.49866330166270784
520	0.48808333333333337
521	0.5174285714285715
522	0.5101200000000001
523	0.4991954692556634
524	0.503802
525	0.4961785714285714
526	0.50805
527	0.49763999999999997
528	0.49912297297297303
529	0.5057239726027396
530	0.49732400000000004
531	0.4948380952380952
532	0.4953819010416667
533	0.5013885245901639
534	0.49486136363636357
535	0.5001440677966102
536	0.49101316872427986
537	0.4954398243045388
538	0.49430337837837846
539	0.4965758333333333
540	0.49938842592592597
541	0.5006394736842106
542	0.5103446428571428
543	0.5119666666666667
544	0.48287391304347826
545	0.48838191489361693
546	0.49723787878787884
547	0.48736379310344824
548	0.4955944289693594
549	0.4675227272727273
550	0.5008256097560976
551	0.5102012820512822
552	0.4972771428571428
