143 125
143 226
143 511
143 237
143 204
143 474
143 496
143 174
143 241
308 25
308 400
308 526
308 334
308 104
308 153
308 296
308 331
308 9
308 238
308 129
308 113
308 413
308 447
308 23
308 17
308 219
231 268
231 134
231 416
231 157
231 333
231 30
231 388
231 214
231 78
231 458
231 109
231 237
231 55
231 65
231 376
231 479
231 513
231 470
231 466
231 418
231 178
231 271
231 115
231 158
231 59
278 203
278 108
278 105
273 376
273 313
273 454
273 185
273 178
273 5
273 333
273 207
273 271
273 343
196 489
240 283
240 310
240 17
240 438
240 307
240 91
197 389
343 134
343 485
343 273
343 477
343 30
343 494
343 380
343 267
343 444
343 185
343 139
343 101
343 458
343 455
343 366
343 120
343 227
343 443
343 479
343 386
343 518
343 442
343 496
343 382
343 363
343 489
343 395
343 384
343 172
387 189
387 180
387 526
387 334
387 131
125 143
125 56
125 506
125 355
125 448
125 117
125 214
125 185
125 109
125 244
125 120
125 85
125 226
125 88
125 479
125 149
125 496
125 119
125 74
125 64
125 377
125 499
101 496
13 230
13 450
13 32
13 389
13 211
465 524
465 220
465 324
465 73
157 134
157 231
157 386
157 333
157 154
157 494
157 454
157 270
157 395
157 440
157 65
157 376
157 57
157 479
157 518
157 54
157 546
157 147
157 178
157 204
157 158
157 120
157 172
157 476
155 85
155 30
155 466
383 345
383 257
383 194
383 178
383 313
383 266
383 63
383 154
383 271
383 361
383 126
383 137
300 163
300 32
427 409
427 482
427 324
427 38
427 465
88 125
88 439
88 247
88 444
88 203
88 266
88 57
88 494
88 496
88 466
392 224
392 526
392 131
392 296
392 441
392 432
392 261
392 398
392 10
392 285
392 436
438 379
438 224
438 275
438 131
438 405
438 441
438 429
438 296
438 415
438 10
438 163
438 144
438 17
438 122
438 423
438 459
438 0
438 26
438 53
438 153
438 219
75 78
37 384
37 202
37 116
496 143
496 184
382 394
382 268
382 65
382 439
382 489
382 20
382 109
382 363
382 462
382 443
382 267
382 458
382 395
382 474
382 499
382 353
382 76
382 496
382 435
382 185
382 251
515 85
515 277
515 134
515 416
515 247
515 30
515 116
515 494
515 52
515 336
515 139
515 174
515 505
515 422
515 503
515 62
515 29
515 65
515 533
515 518
515 466
515 435
515 468
515 173
515 368
515 119
515 418
515 404
515 357
515 546
515 147
515 178
515 269
515 14
515 271
515 158
288 446
288 448
288 418
288 81
89 57
323 264
323 56
323 433
323 115
451 65
451 410
451 43
451 469
451 505
451 377
451 333
451 449
451 380
232 268
232 499
232 15
232 139
232 363
232 322
232 47
232 435
232 99
153 17
153 481
153 123
153 483
153 517
390 479
390 167
390 173
390 292
489 472
489 259
489 196
489 386
489 333
489 116
489 494
489 343
489 425
489 505
489 139
489 501
489 146
489 85
489 329
489 203
489 158
489 479
489 251
489 434
489 173
489 382
489 119
489 265
489 469
489 228
489 184
489 363
489 281
489 258
489 384
489 487
489 462
14 65
14 515
14 471
14 147
14 505
14 506
14 488
14 30
14 267
14 479
14 435
14 74
14 366
14 493
258 152
258 264
258 98
258 141
258 269
258 489
258 154
258 57
258 491
462 382
462 119
462 158
462 156
462 363
462 489
462 237
462 150
462 117
462 466
462 468
462 120
485 506
485 333
485 494
485 343
485 222
485 505
485 250
485 503
485 18
485 101
485 458
485 62
485 512
485 272
485 120
485 329
485 516
485 118
485 218
485 466
485 102
485 309
485 194
485 395
485 150
333 65
333 467
333 231
333 485
333 157
333 273
333 525
333 130
333 355
333 494
333 283
333 444
333 124
333 458
333 366
333 493
333 85
333 506
333 203
333 451
333 178
333 530
333 489
333 271
107 416
107 505
107 118
107 30
107 479
107 363
107 466
107 292
107 120
260 322
260 439
260 298
260 506
260 363
260 294
260 474
260 499
260 76
316 209
250 471
250 338
250 204
474 143
474 267
474 479
474 99
474 386
338 453
338 119
338 492
338 250
338 30
338 57
338 479
338 361
314 394
162 544
162 263
162 483
162 163
162 238
162 432
162 423
162 528
162 387
349 74
349 394
349 49
349 315
128 255
128 469
128 220
128 171
128 426
128 498
128 502
242 394
242 445
242 370
546 515
546 499
546 98
546 56
546 172
546 157
546 479
546 218
546 154
546 75
546 110
546 494
546 212
546 435
546 246
546 272
546 120
375 157
541 536
541 537
541 539
541 538
541 532
541 531
541 463
541 97
1 132
1 87
1 507
1 425
1 511
1 398
1 496
1 173
257 192
257 323
257 137
257 383
257 350
257 267
257 479
257 107
257 117
257 451
257 272
358 65
358 467
358 226
358 439
358 178
358 266
358 510
358 105
482 484
482 38
482 217
482 171
482 427
482 524
482 384
482 409
482 463
156 85
156 418
156 460
156 507
156 147
156 250
156 363
156 266
156 57
156 373
156 286
156 265
156 380
156 318
156 462
156 493
86 326
86 527
86 402
86 176
86 307
86 131
86 399
86 429
86 415
86 238
86 340
86 346
86 113
86 421
86 285
86 407
86 400
86 248
86 153
86 362
154 139
154 383
154 218
154 266
154 489
154 169
52 515
52 505
52 47
52 117
52 99
52 434
52 105
72 405
72 526
72 362
480 85
480 235
480 461
480 384
480 496
480 380
39 117
39 460
460 382
460 418
460 39
460 84
460 507
460 360
460 505
460 139
460 156
460 363
460 68
460 114
460 479
460 207
460 433
460 251
460 317
460 158
460 226
330 167
330 250
330 386
444 454
444 2
444 505
444 139
444 200
444 88
444 466
444 343
270 66
270 157
328 312
328 441
328 429
328 415
328 4
328 104
328 438
328 423
104 180
104 296
104 293
104 328
104 423
104 528
104 136
458 277
458 134
458 231
458 485
458 157
458 333
458 388
458 494
458 343
458 215
458 139
458 250
458 101
458 512
458 321
458 65
458 382
458 302
458 110
458 443
458 57
458 479
458 75
458 496
458 468
458 192
458 184
458 375
458 172
461 262
461 147
461 30
461 47
461 158
461 480
461 120
212 65
212 269
212 57
212 479
212 150
212 466
252 65
252 192
252 43
252 323
252 56
252 245
252 218
252 137
252 133
252 158
252 496
252 366
252 246
90 57
402 421
402 438
402 275
402 261
402 405
402 429
402 415
402 6
402 86
402 53
402 238
402 450
402 483
402 310
402 447
402 10
402 311
305 150
506 479
506 252
218 192
218 154
218 491
218 494
218 517
354 224
354 526
354 131
354 34
354 296
354 415
354 17
354 438
354 521
354 373
354 365
354 387
166 503
442 382
442 329
442 184
442 103
442 266
442 47
442 234
442 343
442 191
60 25
60 17
60 23
60 113
60 310
123 108
123 344
123 373
123 135
123 6
123 483
123 53
123 389
123 211
123 163
123 310
54 65
54 416
54 505
54 157
54 386
54 207
54 516
54 380
81 138
81 57
81 448
81 149
81 446
81 288
357 65
357 515
357 418
357 505
357 178
357 154
357 218
357 503
357 479
357 212
357 496
103 386
103 266
103 499
103 286
103 442
103 466
103 495
115 298
115 547
115 73
115 231
115 323
476 268
476 418
476 283
476 507
476 173
476 264
476 295
476 371
476 68
476 511
476 252
476 516
476 272
262 525
176 290
176 542
176 429
176 296
176 284
176 10
176 4
176 17
176 438
176 211
176 378
176 86
176 0
176 315
176 111
176 447
176 400
492 338
492 47
145 85
145 65
145 78
145 506
355 507
355 494
355 323
317 473
317 147
317 460
36 316
36 352
36 457
36 274
36 94
36 509
36 409
36 502
36 117
36 97
36 71
36 219
142 34
142 296
142 53
142 144
142 389
142 315
43 479
28 312
28 144
28 180
28 95
28 429
28 6
28 10
28 163
28 238
28 438
28 398
28 521
28 315
28 117
28 26
28 401
303 294
481 312
481 290
481 176
481 359
481 441
481 148
481 10
481 238
481 113
481 370
481 201
481 108
481 311
481 320
481 429
481 4
481 13
481 239
481 285
481 315
481 459
481 447
481 405
481 367
481 340
481 421
481 372
481 319
481 346
481 445
481 412
481 284
481 211
481 378
481 406
481 528
25 308
25 131
25 415
25 441
25 413
25 142
25 60
203 489
203 464
203 496
315 224
315 176
315 275
315 34
315 399
315 6
315 10
315 163
315 238
315 113
315 17
315 429
315 331
315 53
315 381
315 372
315 407
315 517
315 131
315 337
315 340
315 319
315 296
315 129
315 521
315 79
29 85
29 467
29 139
29 515
29 479
29 464
29 493
29 120
440 157
127 296
334 521
334 308
334 131
334 483
334 429
334 415
334 293
334 10
334 51
334 129
334 407
334 437
334 164
334 509
334 445
334 400
334 481
334 387
334 219
15 479
15 506
405 312
405 290
405 41
405 176
405 419
405 359
405 34
405 284
405 415
405 337
405 10
405 163
405 144
405 285
405 197
405 497
405 306
405 401
405 108
405 436
405 387
405 526
405 430
405 72
405 35
405 429
405 331
405 328
405 104
405 372
405 111
405 437
405 77
405 315
405 365
405 407
405 447
405 400
405 161
405 70
405 4
405 238
405 402
405 403
405 334
405 131
405 369
405 148
405 300
405 483
405 293
405 16
405 438
405 307
405 42
405 170
405 248
405 92
405 319
405 219
405 521
405 346
405 340
405 213
405 296
405 441
405 432
405 17
405 113
405 527
405 189
405 413
405 230
405 378
405 528
405 142
405 79
405 362
405 481
110 496
110 454
340 320
340 153
340 441
340 6
340 163
340 17
340 315
340 26
340 400
340 401
340 311
452 312
452 379
452 238
452 34
452 331
452 429
452 296
452 415
452 6
452 163
452 144
452 438
452 372
452 337
452 315
452 423
452 362
373 32
373 429
373 123
373 156
373 163
470 267
470 424
470 458
470 231
470 366
434 158
434 118
434 489
434 500
434 52
434 117
434 517
401 312
401 275
401 405
401 340
401 450
401 113
401 447
401 91
401 219
456 469
456 414
456 283
456 496
180 312
180 261
180 142
180 6
180 387
33 386
469 453
469 329
469 451
469 147
469 178
469 415
469 456
469 110
469 266
469 484
469 489
469 504
469 47
469 212
469 530
469 128
469 292
261 163
497 312
497 10
497 238
497 17
497 189
497 406
497 168
497 517
79 312
79 320
79 415
79 405
79 441
79 429
79 296
79 284
79 483
79 144
79 17
79 438
79 378
79 421
79 413
79 315
79 400
391 479
347 524
347 482
347 243
395 117
395 208
158 231
158 301
158 494
158 47
158 460
158 444
158 505
158 139
158 109
158 461
158 286
158 252
158 58
158 515
158 75
158 466
158 434
158 418
158 323
158 184
158 363
158 489
158 462
161 405
161 400
161 168
467 30
467 117
467 424
467 29
41 312
41 405
41 429
41 6
41 17
41 413
439 382
439 260
439 358
439 157
439 301
439 30
439 363
439 286
439 496
98 57
98 151
98 232
98 494
98 322
298 65
298 237
298 115
298 120
80 104
367 144
367 534
367 481
367 296
367 415
367 337
367 483
367 238
367 17
367 438
367 378
367 421
367 413
367 400
367 401
114 467
114 460
114 444
114 147
114 266
114 500
114 117
114 487
114 105
378 394
378 312
378 224
378 176
378 275
378 34
378 374
378 415
378 293
378 163
378 238
378 113
378 142
378 436
378 17
378 481
378 179
378 53
378 104
378 372
378 437
378 77
378 315
378 365
378 400
378 4
378 402
378 526
378 131
378 405
378 367
378 483
378 441
378 438
378 346
378 421
378 307
378 445
378 170
378 219
378 144
378 180
378 206
378 153
378 296
378 284
378 129
378 527
378 189
378 413
378 423
378 26
378 528
378 429
378 362
378 452
306 544
306 276
306 405
306 483
306 4
306 413
306 447
306 23
306 311
108 123
108 34
108 278
108 163
108 521
108 397
108 311
221 320
221 112
221 314
221 148
221 106
221 523
221 337
221 483
221 163
221 238
221 162
221 23
221 370
221 413
221 521
221 397
221 292
221 437
327 466
327 134
165 412
24 524
24 534
24 217
24 171
24 484
24 463
24 547
400 79
400 131
400 374
400 163
400 238
400 340
400 438
400 315
400 42
400 142
400 26
400 401
400 219
321 501
121 195
49 312
49 224
49 10
49 163
49 238
49 419
49 53
49 403
49 429
49 4
49 450
49 437
49 77
49 315
49 400
49 495
49 526
49 508
49 328
49 479
49 349
49 401
49 296
49 438
49 189
132 65
132 338
132 181
132 505
84 192
84 467
84 460
84 81
84 147
84 386
84 266
84 267
84 479
84 47
379 311
379 34
379 429
379 163
379 129
379 438
379 452
379 8
379 400
379 362
379 437
230 326
230 85
230 342
230 17
230 405
230 296
230 415
230 6
230 274
230 34
230 13
230 113
230 168
230 319
230 219
76 228
324 465
324 171
92 104
352 36
352 426
352 478
352 502
12 246
12 241
133 323
509 41
509 176
509 334
509 284
509 113
509 111
509 407
509 36
509 193
99 283
99 454
99 471
99 191
99 10
99 474
99 52
99 384
99 496
99 311
394 312
394 342
394 526
394 162
394 296
394 438
394 10
394 163
394 238
394 381
394 195
394 289
394 521
394 159
394 23
394 406
290 344
290 340
290 34
290 481
290 415
290 17
290 381
290 405
290 447
393 392
393 400
393 436
393 163
275 176
275 34
275 415
275 293
275 163
275 144
275 378
275 436
275 35
275 429
275 315
275 365
275 402
275 310
275 131
275 483
275 337
275 459
275 438
275 452
275 401
275 346
275 445
275 413
275 113
275 362
399 34
399 400
399 315
245 292
10 394
10 340
10 441
10 206
10 392
10 17
10 438
10 447
113 344
113 275
113 374
113 86
113 163
113 378
113 419
113 308
113 526
113 335
113 481
113 53
113 372
113 407
113 315
113 365
113 111
113 23
113 311
113 310
113 405
113 230
113 307
113 42
113 60
113 401
113 219
113 542
113 284
113 17
113 431
113 527
113 502
113 509
113 406
113 528
113 362
210 147
210 513
210 493
69 268
69 199
69 499
69 428
69 506
69 386
69 503
69 504
69 174
69 258
313 65
313 178
313 273
313 266
313 479
313 68
454 471
454 157
454 273
454 110
454 444
454 496
454 99
454 97
454 120
129 224
129 415
436 393
436 526
436 429
436 10
436 392
436 438
139 20
139 411
139 386
139 30
139 154
139 343
139 460
139 444
139 505
139 458
139 504
139 232
139 29
139 65
139 455
139 152
139 479
139 75
139 518
139 466
139 368
139 515
139 57
139 388
139 363
139 390
139 489
139 271
139 158
124 499
62 85
62 65
62 511
62 281
62 147
521 296
521 441
521 319
521 413
521 528
159 394
159 312
159 290
159 176
159 275
159 498
159 160
159 387
159 429
159 331
159 372
159 437
159 77
159 447
159 23
159 483
159 307
159 238
159 254
159 542
159 296
159 284
159 527
159 362
348 93
348 173
348 476
272 479
272 68
58 192
58 158
58 493
58 386
58 266
376 385
376 231
376 416
376 147
376 157
376 273
376 386
376 212
376 466
225 78
226 65
226 157
226 358
508 254
508 296
508 438
508 238
508 162
508 437
508 315
508 406
508 142
227 466
227 283
227 343
227 81
486 65
486 313
486 167
486 81
486 489
486 533
486 477
486 68
486 57
486 207
486 302
486 150
486 408
486 418
486 493
353 472
353 303
353 516
353 421
353 361
353 36
336 390
336 515
336 178
336 204
336 493
42 400
42 405
42 374
42 296
42 17
42 113
42 195
42 23
42 311
102 484
102 376
102 485
102 496
292 119
292 221
292 277
292 469
292 505
292 414
292 245
292 390
292 183
292 107
292 518
292 473
292 468
292 547
418 268
418 134
418 231
418 416
418 422
418 7
418 156
418 301
418 30
418 494
418 520
418 297
418 505
418 146
418 65
418 329
418 479
418 386
418 518
418 169
418 515
418 280
418 147
418 271
418 158
418 476
220 465
220 128
177 264
177 137
177 241
177 173
177 323
500 114
500 204
500 271
500 150
500 384
500 434
236 76
236 147
528 438
528 393
528 310
528 131
528 441
528 162
528 206
528 53
528 104
528 450
528 113
528 189
528 365
528 344
528 91
528 445
528 219
185 382
185 125
185 40
185 147
185 178
185 273
185 118
185 530
185 458
185 237
185 204
185 363
185 343
185 474
362 544
362 312
362 290
362 275
362 415
362 86
362 163
362 144
362 113
362 370
362 72
362 310
362 429
362 331
362 53
362 437
362 77
362 459
362 159
362 400
362 285
362 405
362 483
362 379
362 452
362 307
362 447
362 445
362 412
362 284
362 17
362 527
362 413
362 378
472 525
472 147
472 250
472 118
472 489
472 479
472 62
472 222
472 364
472 493
344 213
344 346
344 163
344 296
374 406
374 403
374 131
374 284
374 413
374 420
374 438
374 238
374 17
374 162
374 113
374 437
374 0
374 42
374 400
374 248
374 140
374 401
374 421
106 221
106 331
106 163
415 312
415 224
415 346
415 275
415 17
415 34
415 429
415 528
415 290
415 163
415 129
415 438
415 378
415 452
415 53
415 310
73 324
73 38
73 524
73 479
73 409
73 271
73 478
73 463
73 465
73 493
130 56
130 506
289 394
117 467
117 350
117 48
100 238
100 168
11 76
11 137
11 64
222 65
222 119
222 472
222 226
222 471
222 105
222 325
222 386
222 377
222 494
222 117
222 496
222 495
222 485
222 364
320 144
320 163
320 483
320 311
96 505
96 517
372 359
372 523
372 293
372 10
372 163
372 238
372 113
372 370
372 419
372 142
372 91
372 311
372 481
372 331
372 104
372 13
372 437
372 285
372 521
372 159
372 400
372 314
372 70
372 342
372 402
372 0
372 405
372 483
372 337
372 51
372 261
372 452
372 23
372 296
372 284
372 17
372 527
372 413
372 211
372 528
538 540
538 299
538 484
538 532
538 531
538 463
538 97
538 535
538 541
219 224
219 344
219 438
219 113
219 437
219 122
219 315
219 230
219 308
219 91
219 401
219 189
495 507
495 66
495 103
495 30
495 375
495 222
495 493
276 540
276 296
276 293
276 483
276 238
276 306
276 324
345 544
345 176
345 95
345 383
345 316
345 475
345 331
345 339
345 392
345 527
345 149
345 140
345 348
345 168
345 319
345 97
361 99
361 147
361 203
361 157
361 200
361 266
361 458
361 55
361 338
361 496
361 435
361 505
516 283
516 54
516 154
516 471
516 485
516 109
516 352
516 57
516 479
516 21
516 138
516 316
516 476
217 465
217 482
217 409
217 24
217 478
152 139
152 258
152 530
446 448
446 288
446 149
446 81
446 138
420 312
420 430
420 180
420 452
420 131
173 525
173 20
173 7
173 30
173 76
173 343
173 471
173 185
173 250
173 348
173 120
173 65
173 190
173 1
173 442
173 466
173 515
173 377
173 390
173 489
173 177
173 505
173 476
265 156
265 386
265 503
265 489
265 281
265 517
74 85
74 125
74 505
74 356
74 267
74 207
74 271
74 499
274 224
274 36
274 483
274 53
207 56
207 200
207 30
207 363
207 47
207 460
207 50
207 267
207 85
207 376
207 506
207 203
207 484
207 384
207 486
207 518
207 496
207 174
207 368
207 54
207 74
207 147
207 273
207 530
207 499
207 158
207 375
211 34
211 430
211 23
211 176
211 526
233 501
85 145
85 485
85 156
85 386
85 333
85 494
85 222
85 480
85 125
85 120
85 505
85 109
85 55
85 155
85 230
85 29
85 62
85 65
85 227
85 435
85 169
85 282
85 515
85 375
85 74
85 184
85 363
85 489
85 207
85 204
85 493
255 238
255 220
255 316
255 128
255 97
522 414
7 463
7 418
7 525
7 505
7 171
293 423
293 429
293 180
293 296
301 418
301 494
301 56
301 157
301 218
301 154
301 512
301 47
301 158
301 435
301 172
301 272
301 219
48 117
48 78
48 464
48 47
238 394
238 163
419 49
419 405
419 178
419 483
419 372
419 113
419 413
419 23
311 312
311 359
311 415
311 293
311 163
311 113
311 306
311 4
311 320
311 481
311 53
311 372
311 111
311 517
311 402
311 526
311 483
311 379
311 340
311 452
311 42
311 99
311 135
311 296
311 284
311 17
311 431
311 406
311 528
335 238
335 528
335 113
335 413
335 10
22 147
19 95
19 147
510 358
510 147
510 20
510 30
510 271
510 47
3 227
3 22
3 294
3 506
450 402
450 104
450 296
450 238
450 17
450 189
450 413
450 528
450 401
55 85
55 147
55 461
55 231
55 266
322 445
322 421
8 61
23 41
23 308
23 34
23 80
23 378
23 306
23 387
23 14
23 221
23 235
23 13
23 459
23 447
23 400
23 105
23 523
23 379
23 261
23 307
23 76
23 412
23 323
23 153
23 284
23 129
23 527
23 164
23 197
23 487
23 312
23 275
23 359
23 441
23 399
23 10
23 113
23 91
23 526
23 50
23 263
23 407
23 437
23 365
23 521
23 159
23 70
23 403
23 508
23 314
23 162
23 421
23 42
23 170
23 534
23 135
23 296
23 189
23 406
23 528
23 544
23 374
23 106
23 415
23 337
23 86
23 144
23 100
23 11
23 72
23 436
23 320
23 35
23 17
23 96
23 429
23 331
23 328
23 146
23 104
23 372
23 285
23 193
23 136
23 243
23 131
23 148
23 483
23 293
23 51
23 394
23 332
23 60
23 32
23 341
23 346
23 413
23 211
23 176
23 7
23 6
23 163
23 238
23 370
23 419
23 249
23 481
23 291
23 450
23 111
23 315
23 234
23 4
23 127
23 340
23 478
23 463
23 401
23 219
23 180
23 445
23 438
23 497
23 395
23 0
23 161
65 134
65 231
65 416
65 358
65 145
65 371
65 157
65 506
65 533
65 386
65 333
65 30
65 388
65 222
65 223
65 313
65 167
65 471
65 468
65 505
65 139
65 204
65 458
65 212
65 380
65 252
65 85
65 132
65 507
65 515
65 479
65 486
65 518
65 466
65 435
65 174
65 173
65 364
65 368
65 119
65 418
65 54
65 357
65 451
65 147
65 178
65 269
65 14
65 271
536 132
536 531
536 537
536 522
536 540
536 299
536 484
536 538
536 532
536 478
536 463
536 97
536 535
536 541
66 448
66 270
66 479
118 472
118 107
118 471
118 185
118 154
118 5
118 266
118 56
118 479
118 283
118 494
118 117
118 496
118 434
118 105
455 496
455 154
455 343
547 296
547 292
253 529
542 527
542 521
542 180
542 176
542 310
542 359
542 406
542 188
542 413
542 307
542 4
542 144
542 113
542 0
542 111
542 159
542 77
542 445
542 526
228 76
228 489
228 169
466 103
466 231
466 173
466 485
466 200
466 30
466 107
466 529
466 444
466 505
466 139
466 327
466 155
466 212
466 493
466 65
466 376
466 329
466 504
466 15
466 227
466 88
466 190
466 266
466 468
466 21
466 364
466 382
466 515
466 178
466 269
466 530
466 281
466 204
466 271
466 158
466 78
466 120
466 462
178 143
178 268
178 277
178 134
178 231
178 416
178 157
178 383
178 333
178 154
178 419
178 466
178 223
178 313
178 167
178 215
178 444
178 324
178 505
178 250
178 109
178 288
178 65
178 273
178 515
178 304
178 479
178 468
178 545
178 496
178 435
178 174
178 418
178 357
178 469
178 103
178 14
178 336
178 158
178 487
178 185
68 479
68 237
68 313
68 272
26 34
26 17
26 6
26 163
172 443
385 376
385 294
34 238
34 35
34 340
34 429
34 296
34 331
34 6
34 163
34 144
34 17
34 438
34 452
34 315
34 379
34 26
188 429
188 420
200 119
200 280
200 444
200 207
200 361
200 150
200 466
200 126
339 57
501 489
501 410
501 321
501 2
501 233
488 14
514 543
514 199
514 241
326 230
326 163
295 114
295 53
505 65
505 277
505 134
505 20
505 45
505 7
505 132
505 30
505 107
505 494
505 47
505 499
505 222
505 380
505 460
505 471
505 468
505 139
505 444
505 52
505 504
505 204
505 252
505 325
505 493
505 85
505 90
505 361
505 515
505 266
505 479
505 116
505 513
505 518
505 96
505 466
505 435
505 174
505 173
505 364
505 292
505 119
505 418
505 87
505 54
505 357
505 74
505 147
505 178
505 489
505 14
505 485
505 158
505 451
505 120
422 418
422 515
422 157
422 75
422 525
241 143
241 34
241 12
241 177
241 496
241 514
77 312
77 393
77 441
77 415
77 6
77 378
77 72
77 429
77 4
77 104
77 381
77 447
77 400
77 272
77 438
77 180
77 421
77 307
77 32
77 346
77 542
77 284
77 413
77 362
459 394
459 224
459 176
459 275
459 415
459 293
459 10
459 144
459 328
459 450
459 4
459 381
459 407
459 437
459 315
459 230
459 447
459 526
459 131
459 438
459 307
459 219
459 238
459 296
459 17
459 527
459 189
459 528
459 362
286 103
286 190
82 267
82 424
82 496
105 114
105 278
105 323
105 52
493 85
493 119
493 472
493 495
493 519
493 505
493 14
493 156
493 363
493 333
493 237
493 468
493 486
493 147
493 466
493 210
493 29
493 58
360 119
360 460
360 271
428 56
428 147
428 493
428 69
175 499
513 454
513 231
513 147
513 424
513 501
513 57
513 479
513 47
513 99
513 210
513 505
518 65
518 525
518 78
518 515
518 139
518 416
518 147
518 505
518 157
518 418
518 363
518 530
518 207
518 204
518 110
518 292
518 343
518 203
518 59
518 380
282 323
364 65
364 505
364 363
364 466
364 99
364 151
364 272
412 346
412 529
412 481
412 165
412 289
412 23
412 362
63 479
213 312
213 35
213 296
213 238
213 17
213 438
213 447
213 528
213 387
540 276
540 532
540 531
540 463
540 97
540 541
441 23
441 481
441 296
441 284
441 53
441 392
441 340
441 521
441 413
441 27
441 230
441 447
441 163
256 366
256 184
256 47
17 312
17 290
17 41
17 176
17 34
17 374
17 415
17 10
17 163
17 144
17 113
17 308
17 91
17 311
17 429
17 331
17 53
17 450
17 372
17 315
17 459
17 447
17 23
17 526
17 131
17 483
17 230
17 438
17 42
17 60
17 26
17 32
17 340
17 135
17 284
17 354
17 431
17 378
17 406
17 153
17 362
527 378
527 372
527 113
527 362
527 307
83 463
83 97
487 382
487 192
487 167
487 305
487 178
487 68
487 489
487 125
487 114
487 71
487 368
184 85
184 529
184 386
184 256
184 489
184 458
184 158
184 496
184 442
544 498
544 345
544 23
544 438
544 35
544 135
544 182
544 238
544 162
544 306
544 36
544 465
544 547
544 362
202 37
277 515
277 215
277 505
277 386
277 458
277 433
277 292
122 392
122 219
498 544
498 465
498 463
498 159
498 128
498 97
498 324
408 57
91 224
91 402
91 131
91 431
91 296
91 17
91 261
91 180
91 447
91 528
91 401
91 219
283 456
283 47
283 99
283 150
18 229
407 521
407 334
407 405
407 415
407 86
407 340
407 450
407 483
407 437
407 219
407 315
407 509
407 113
407 140
407 111
407 459
407 387
407 452
244 382
244 125
244 78
244 294
244 190
244 496
244 517
70 429
70 403
186 471
186 214
186 205
186 173
186 190
403 70
403 312
403 346
403 405
403 374
403 429
403 284
403 238
403 340
403 452
403 49
423 429
423 296
423 438
423 293
423 163
266 313
266 84
266 469
266 505
266 103
266 156
266 118
266 88
266 114
266 154
266 388
266 55
266 466
266 21
266 216
531 536
531 537
531 540
531 299
531 484
531 539
531 538
531 532
531 463
531 97
531 535
531 541
167 65
167 268
167 330
167 444
167 178
167 486
167 442
167 496
167 487
167 174
421 429
421 483
191 192
191 99
248 312
248 445
248 35
248 405
248 374
248 86
248 111
216 57
137 323
137 264
137 33
137 383
137 177
137 433
137 11
147 65
147 119
147 418
147 472
147 515
147 416
147 469
147 505
147 157
147 156
147 171
147 30
147 116
147 62
147 518
147 493
147 468
147 185
147 120
135 17
135 91
135 123
135 142
135 311
296 312
296 429
296 293
296 163
296 398
296 452
363 382
363 260
363 116
363 460
363 518
363 439
363 232
363 185
363 139
363 329
363 384
363 30
363 489
363 107
363 504
363 158
363 343
363 462
363 364
363 493
431 249
431 429
431 17
431 113
431 452
431 413
431 91
431 311
97 36
97 83
229 18
229 117
229 266
411 139
337 335
337 320
337 123
337 35
337 369
337 153
337 296
337 6
337 53
337 438
337 372
337 163
337 452
337 401
337 23
337 429
337 168
144 394
144 312
144 34
144 163
144 238
144 320
144 429
144 437
144 131
144 405
144 340
144 438
144 452
144 346
144 445
144 542
144 153
144 296
144 261
144 432
144 17
144 413
144 362
448 446
448 149
448 288
448 506
448 138
494 98
494 56
494 485
494 157
494 333
494 154
494 222
494 343
494 270
494 146
494 458
494 461
494 504
494 272
494 85
494 512
494 515
494 110
494 88
494 479
494 218
494 418
494 489
494 150
494 158
494 172
201 163
53 415
53 293
53 163
53 144
53 113
53 142
53 436
53 311
53 108
53 328
53 315
53 365
53 447
53 400
53 402
53 131
53 369
53 206
53 337
53 392
53 340
53 438
53 346
53 123
53 296
53 354
53 432
53 274
53 17
53 521
53 413
53 423
53 528
187 231
31 180
31 389
35 312
35 275
35 131
35 34
35 153
35 296
35 10
35 163
35 189
35 289
35 142
35 248
468 355
468 30
468 47
468 444
468 505
468 458
468 294
468 232
468 493
468 65
468 131
468 203
468 515
468 484
468 479
468 46
468 466
468 174
468 292
468 382
468 119
468 418
468 147
468 12
468 204
468 120
468 462
414 292
414 454
414 449
331 308
331 34
331 106
331 6
331 10
331 163
331 108
331 320
331 429
331 315
331 459
331 447
331 400
331 526
331 131
331 379
331 340
331 438
331 123
331 401
331 180
331 153
331 296
331 261
331 17
331 413
331 26
331 362
381 312
504 119
504 454
504 545
504 469
504 505
504 139
504 506
504 363
504 30
504 386
504 494
504 496
504 443
504 466
504 172
504 69
366 479
136 180
136 296
136 293
136 328
136 104
136 423
453 43
453 469
453 350
453 499
453 446
453 338
410 280
410 451
410 501
131 312
131 224
131 275
131 6
131 94
131 91
131 387
131 79
131 481
131 53
131 279
131 315
131 23
131 526
131 334
131 405
131 483
131 392
131 340
131 438
131 420
131 32
131 346
131 213
131 441
131 354
131 432
131 274
131 17
131 429
198 117
198 150
112 296
112 436
112 440
483 312
483 394
483 290
483 176
483 419
483 359
483 374
483 367
483 337
483 10
483 163
483 144
483 378
483 306
483 201
483 108
483 91
483 311
483 221
483 142
483 26
483 35
483 263
483 436
483 429
483 331
483 4
483 104
483 381
483 372
483 407
483 437
483 77
483 315
483 16
483 527
483 447
483 400
483 224
483 92
483 276
483 274
483 402
483 310
483 334
483 131
483 405
483 415
483 300
483 112
483 206
483 293
483 51
483 526
483 438
483 123
483 421
483 307
483 111
483 159
483 219
483 238
483 346
483 445
483 254
483 213
483 153
483 296
483 284
483 162
483 79
483 17
483 398
483 521
483 189
483 413
483 164
483 406
483 528
483 135
483 362
483 452
51 23
51 429
51 372
51 483
51 334
64 11
64 90
46 76
46 496
5 273
5 110
5 458
5 118
5 496
5 120
5 368
310 312
310 402
310 275
310 542
310 429
310 415
310 6
310 483
310 163
310 240
310 113
310 413
310 164
310 528
310 60
310 362
310 219
209 316
209 36
209 465
209 171
209 478
30 467
30 231
30 439
30 371
30 533
30 107
30 343
30 471
30 505
30 139
30 510
30 155
30 338
30 495
30 120
30 65
30 329
30 504
30 515
30 466
30 435
30 468
30 173
30 418
30 147
30 363
30 14
30 384
254 312
254 341
254 224
254 413
254 508
254 369
254 483
254 129
254 370
254 0
254 159
254 10
171 324
171 182
171 209
171 147
171 482
171 7
171 24
171 426
171 524
171 388
171 409
171 478
171 332
171 128
171 38
350 453
350 376
350 43
350 190
350 117
350 496
539 540
539 299
539 484
539 538
539 532
539 531
539 463
539 97
539 535
539 541
413 41
413 308
413 34
413 367
413 378
413 122
413 387
413 326
413 221
413 53
413 77
413 447
413 400
413 179
413 379
413 261
413 307
413 168
413 213
413 153
413 284
413 129
413 398
413 527
413 312
413 275
413 359
413 441
413 399
413 91
413 263
413 437
413 365
413 521
413 397
413 421
413 170
413 248
413 135
413 296
413 432
413 431
413 189
413 406
413 528
413 79
413 362
413 394
413 344
413 374
413 415
413 144
413 201
413 72
413 436
413 320
413 17
413 429
413 331
413 328
413 104
413 372
413 285
413 140
413 402
413 310
413 131
413 206
413 293
413 319
413 32
413 346
413 254
413 423
413 224
413 176
413 6
413 163
413 238
413 370
413 419
413 142
413 311
413 335
413 25
413 450
413 111
413 315
413 92
413 23
413 4
413 342
413 526
413 334
413 405
413 340
413 452
413 401
413 219
413 180
413 445
413 542
413 306
413 438
413 0
413 26
44 56
44 386
475 463
475 324
507 65
507 199
507 460
507 323
507 264
507 156
507 109
507 433
507 476
20 382
20 505
20 139
20 386
20 57
20 388
20 117
20 173
148 312
148 10
6 123
6 310
6 131
6 34
6 429
6 441
6 337
6 432
6 163
6 238
6 340
6 180
6 521
6 26
163 394
163 312
163 224
163 393
163 275
163 34
163 106
163 415
163 6
163 144
163 113
163 201
163 344
163 108
163 311
163 326
163 221
163 438
163 35
163 28
163 429
163 331
163 53
163 26
163 372
163 315
163 365
163 447
163 400
163 49
163 310
163 405
163 300
163 263
163 483
163 337
163 379
163 340
163 261
163 346
163 452
163 373
163 168
163 319
163 238
163 123
163 445
163 320
163 296
163 441
163 162
163 23
163 17
163 195
163 413
163 423
163 378
163 406
163 362
543 199
543 502
543 514
249 41
249 176
249 374
249 148
249 86
249 238
249 378
249 370
249 436
249 387
249 326
249 429
249 104
249 381
249 285
249 447
249 136
249 49
249 77
249 162
249 421
249 307
249 32
249 284
249 17
249 431
249 527
249 189
529 466
529 351
529 253
529 184
529 412
291 238
205 134
205 477
267 74
267 506
281 143
281 265
281 194
281 489
281 62
281 466
239 238
239 406
239 10
473 479
473 292
234 2
351 529
342 144
342 429
342 413
342 10
526 394
526 17
526 308
526 131
526 316
526 284
526 432
526 392
526 340
526 354
526 113
526 413
526 211
526 459
526 111
526 420
526 72
526 436
526 387
95 117
95 96
299 524
299 463
299 465
409 482
409 73
409 427
409 171
409 524
409 478
409 332
409 38
21 466
21 516
21 266
21 57
368 65
368 515
368 116
368 5
368 503
368 487
443 382
443 98
443 343
443 458
443 504
443 172
40 185
396 294
457 36
524 345
524 38
524 324
524 482
524 73
524 171
524 484
524 24
524 538
524 478
524 83
524 463
524 409
524 465
524 316
204 143
204 65
204 329
204 336
204 545
204 416
204 505
204 157
204 250
204 500
204 85
204 271
204 518
204 466
204 468
204 185
532 379
532 536
532 537
532 540
532 299
532 484
532 539
532 538
532 531
532 463
532 97
532 535
532 541
525 98
525 506
525 501
525 110
525 266
525 101
525 218
525 120
307 312
307 238
307 113
307 436
307 429
307 315
307 400
307 334
307 483
307 438
307 219
307 144
307 346
307 445
307 542
307 284
307 527
307 189
307 413
307 378
307 26
307 362
247 515
247 88
247 251
247 496
247 266
247 169
56 264
56 323
94 131
388 65
388 231
388 323
388 20
388 458
388 171
388 386
388 266
388 448
388 47
520 418
208 496
208 395
208 43
208 67
235 480
297 418
297 386
537 536
537 220
537 540
537 299
537 484
537 532
537 531
537 463
537 97
537 535
537 541
471 65
471 186
471 454
471 516
471 78
471 250
471 118
471 30
471 505
471 14
471 499
471 183
471 99
471 222
471 173
246 464
27 441
447 287
447 432
447 290
447 397
447 176
447 405
447 481
447 331
447 23
447 10
447 163
447 362
447 17
447 483
447 306
447 445
447 53
447 401
179 17
179 447
179 378
179 413
179 340
523 224
523 359
523 147
523 201
523 381
523 27
523 219
38 524
38 482
38 171
38 73
38 484
38 409
38 478
38 463
38 97
38 332
304 101
304 160
304 178
304 375
57 89
57 81
464 203
464 506
464 479
464 386
67 208
169 85
169 418
169 454
169 247
169 228
169 154
169 386
169 479
168 163
119 134
119 231
119 416
119 98
119 200
119 30
119 47
119 117
119 222
119 125
119 454
119 468
119 505
119 78
119 504
119 338
119 493
119 65
119 15
119 218
119 479
119 75
119 169
119 292
119 192
119 515
119 147
119 363
119 489
119 462
182 544
182 484
182 243
182 171
182 426
182 524
182 463
404 117
404 496
404 515
2 444
2 479
2 501
194 281
194 485
194 383
194 386
194 109
194 237
284 312
284 176
284 374
284 415
284 337
284 144
284 378
284 201
284 526
284 249
284 481
284 4
284 104
284 372
284 437
284 77
284 315
284 16
284 400
284 311
284 403
284 405
284 483
284 438
284 307
284 219
284 23
284 445
284 441
284 79
284 17
284 413
284 113
284 26
284 528
284 429
284 362
377 451
377 173
377 425
530 466
530 185
530 507
530 518
530 333
398 296
195 394
195 369
195 483
195 163
195 340
195 398
195 121
195 315
195 42
195 4
195 401
502 490
502 352
502 113
502 543
502 36
502 128
164 312
164 438
164 334
517 244
517 153
517 434
517 47
116 65
116 515
116 489
116 98
116 56
116 147
116 505
116 218
116 267
116 154
116 363
116 37
116 494
116 353
116 368
116 172
116 272
116 120
134 65
134 533
134 231
134 57
134 147
134 505
134 78
134 515
134 327
134 101
134 479
134 47
134 384
134 418
134 343
134 223
359 312
359 405
359 481
359 189
359 413
359 16
359 437
264 258
264 323
264 56
264 303
264 424
264 511
264 3
264 177
264 433
264 133
264 52
264 137
264 507
371 65
371 30
371 199
371 476
477 343
223 65
223 479
223 461
223 134
430 111
430 6
430 122
430 211
50 454
263 381
263 162
263 10
263 163
109 382
109 85
109 231
109 416
109 323
109 194
109 516
109 178
109 503
109 158
109 496
109 507
437 312
437 379
437 224
437 445
437 238
437 334
437 359
437 429
437 296
437 415
437 163
437 144
437 17
437 438
437 407
437 189
437 413
437 315
437 23
437 362
302 479
365 430
365 163
365 23
365 275
365 405
365 429
365 10
365 53
365 354
365 113
365 319
365 413
365 140
365 528
365 387
433 277
433 460
433 507
433 323
433 264
433 137
433 449
151 236
397 438
397 108
397 452
491 366
491 157
491 479
491 218
271 224
271 231
271 383
271 73
271 333
271 139
271 510
271 527
271 65
271 360
271 273
271 515
271 158
271 479
271 466
271 169
271 418
271 346
271 363
271 204
271 500
271 384
533 65
533 515
533 134
533 74
533 147
533 78
533 458
533 530
533 30
533 109
533 486
484 453
484 63
484 38
484 19
484 524
484 57
190 466
190 133
190 147
545 515
545 178
545 90
545 350
545 204
545 504
183 471
183 444
183 493
215 390
215 458
215 277
435 382
435 85
435 515
435 65
435 546
435 232
435 505
435 301
435 503
435 30
435 14
435 384
435 318
170 405
170 415
170 340
170 527
170 413
170 378
170 447
170 23
170 387
174 143
174 65
174 515
174 194
174 505
174 479
174 47
174 468
174 69
87 391
87 505
87 1
87 81
534 119
534 307
534 179
534 367
534 523
534 438
534 483
534 340
534 24
534 189
534 306
534 315
534 420
534 23
534 401
280 418
280 200
280 185
280 506
280 410
280 479
280 47
280 496
432 312
432 526
432 131
432 405
432 415
432 6
432 53
432 162
432 337
432 413
432 168
432 319
189 23
189 445
189 413
189 359
189 293
189 483
189 238
189 389
189 527
189 437
189 307
189 459
189 528
189 387
189 32
384 119
384 134
384 99
384 489
384 386
384 30
384 363
384 207
384 190
384 500
384 480
384 343
384 435
384 37
384 271
406 394
406 413
406 508
406 542
406 374
406 481
406 483
406 163
406 17
406 113
406 239
406 285
406 497
406 23
406 311
417 225
417 323
59 231
59 247
59 110
59 479
59 518
59 47
268 382
268 418
268 167
268 231
268 69
312 394
312 224
312 41
312 344
312 359
312 34
312 415
312 6
312 163
312 144
312 285
312 370
312 201
312 401
312 142
312 387
312 310
312 161
312 35
312 17
312 429
312 450
312 328
312 381
312 437
312 77
312 315
312 230
312 447
312 397
312 239
312 49
312 311
312 403
312 334
312 131
312 405
312 148
312 300
312 140
312 23
312 483
312 51
312 261
312 180
312 421
312 307
312 420
312 248
312 159
312 319
312 423
312 392
312 346
312 445
312 254
312 213
312 296
312 284
312 438
312 432
312 274
312 129
312 413
312 164
312 497
312 44
312 79
312 362
312 452
78 119
78 329
78 134
78 309
78 416
78 471
78 533
78 48
78 145
78 75
78 518
78 244
78 225
78 466
78 231
416 65
416 376
416 329
416 515
416 231
416 119
416 145
416 147
416 54
416 78
416 418
416 204
416 109
416 107
416 75
416 518
416 212
416 364
416 380
386 85
386 277
386 134
386 98
386 20
386 157
386 470
386 388
386 116
386 494
386 259
386 343
386 69
386 330
386 297
386 222
386 139
386 67
386 504
386 286
386 187
386 485
386 58
386 65
386 376
386 84
386 305
386 198
386 118
386 464
386 442
386 496
386 169
386 282
386 319
386 382
386 418
386 44
386 265
386 54
386 33
386 194
386 184
386 103
386 363
386 489
386 474
386 384
386 375
93 119
93 294
160 159
160 304
389 31
389 142
503 515
503 265
503 340
503 485
503 357
503 479
503 10
503 57
503 109
503 286
503 47
503 166
503 435
503 368
503 232
503 69
61 238
61 296
61 206
380 192
380 65
380 134
380 54
380 416
380 264
380 505
380 156
380 101
380 518
380 451
380 480
380 343
490 502
429 312
429 70
429 224
429 41
429 393
429 373
429 359
429 34
429 374
429 415
429 293
429 86
429 163
429 144
429 378
429 370
429 290
429 176
429 436
429 387
429 310
429 129
429 4
429 104
429 285
429 315
429 459
429 447
429 400
429 136
429 49
429 403
429 483
429 337
429 365
429 438
429 421
429 307
429 32
429 238
429 346
429 445
429 153
429 296
429 284
429 17
429 431
429 527
429 189
429 413
429 423
429 6
429 26
429 77
429 452
141 181
141 366
4 176
4 413
4 542
4 328
4 405
4 398
4 378
4 452
4 306
4 447
146 489
146 418
146 494
279 142
294 303
294 120
294 385
294 269
294 396
285 312
285 224
285 176
285 293
285 238
285 197
285 142
285 311
285 372
285 111
285 77
285 315
285 447
285 206
285 438
285 483
285 406
285 32
285 296
285 521
285 413
285 26
285 362
449 451
449 414
449 433
16 405
16 284
16 359
140 312
140 275
140 374
140 163
140 144
140 113
140 436
140 429
140 104
140 407
140 437
140 365
140 447
140 400
140 287
140 526
140 334
140 438
140 307
140 420
140 445
140 17
140 413
193 509
193 465
193 478
287 312
287 238
287 479
287 508
287 429
287 296
287 284
287 162
287 10
287 144
287 340
287 438
287 521
287 437
287 315
287 447
287 436
512 267
512 506
512 301
519 493
519 266
206 296
206 445
206 10
206 53
149 446
149 448
149 81
251 382
251 460
251 247
251 88
251 489
251 237
332 324
332 38
332 171
332 12
332 73
332 524
332 409
332 426
332 478
332 23
332 465
319 312
319 369
319 441
319 483
319 163
319 129
319 521
319 432
319 315
319 365
319 168
319 10
32 373
32 131
32 429
32 17
32 77
32 300
341 387
9 129
9 308
346 312
346 224
346 412
346 429
346 415
346 86
346 53
346 144
346 163
318 435
318 479
318 454
318 156
318 363
424 467
424 82
150 283
150 198
150 200
150 339
150 479
150 500
150 76
150 491
150 462
181 141
224 392
224 340
224 163
224 197
224 131
259 489
325 105
325 505
325 175
325 222
45 505
511 143
511 264
511 62
511 1
511 496
511 234
511 476
243 524
243 182
243 498
243 347
243 322
243 463
243 23
370 312
370 176
370 275
370 374
370 415
370 6
370 144
370 221
370 481
370 331
370 372
370 437
370 315
370 23
370 49
370 405
370 438
370 307
370 42
370 400
370 296
370 284
370 521
370 189
370 413
370 429
370 362
47 119
47 505
47 479
47 158
47 232
47 517
138 446
138 448
138 288
138 81
214 479
214 125
214 506
214 99
214 231
425 489
425 377
426 324
426 484
426 182
426 128
426 38
426 171
426 352
426 524
426 409
426 478
426 463
426 332
426 465
71 487
237 143
237 303
237 231
237 257
237 56
237 298
237 185
237 68
237 194
237 479
237 309
237 47
237 251
237 496
237 462
237 493
111 445
111 275
111 526
111 415
111 10
111 238
111 162
111 113
111 413
111 211
111 0
111 248
111 311
126 200
535 536
535 537
535 539
535 538
535 532
535 531
120 85
120 461
120 525
120 454
120 298
120 157
120 5
120 173
120 30
120 107
120 147
120 462
120 466
120 375
120 468
120 29
120 294
329 418
329 416
329 469
329 485
329 78
329 363
329 30
329 489
329 204
329 442
329 466
199 543
199 371
199 514
199 507
199 69
499 382
499 453
499 260
499 125
499 471
499 505
499 103
499 124
499 74
499 479
499 175
499 461
499 151
499 207
499 232
499 69
369 310
369 35
369 441
369 337
369 206
369 53
369 195
369 10
369 315
369 26
369 319
479 65
479 418
479 134
479 43
479 489
479 464
479 157
479 506
479 150
479 57
479 107
479 302
479 47
479 212
479 366
479 169
479 231
478 482
478 7
478 73
478 171
478 332
478 426
478 285
478 23
478 465
478 536
478 38
478 535
478 217
478 484
478 409
478 463
478 209
478 216
478 193
478 352
478 524
478 532
478 97
463 209
463 324
463 478
356 268
356 496
192 487
192 191
192 380
445 312
445 275
445 163
445 144
445 378
445 481
445 111
445 437
445 322
445 140
445 23
445 334
445 206
445 483
445 307
445 248
445 447
445 242
445 542
445 284
445 189
445 413
445 528
445 429
445 362
309 496
309 78
309 417
269 65
269 515
269 294
269 258
269 212
269 466
0 176
0 17
0 34
0 374
0 415
0 381
0 129
0 438
0 372
0 437
0 375
